/work/w23/decha/decha_w23/Second_Journal/Latent_space_training_result/14_merge_vowel_13_data/input_dim_15/
0_nasal
(6707, 151)
{'max_iters': 500, 'data': array([[  6.84928509e-02,   6.87541965e-02,   6.87662224e-02, ...,
         -8.50661271e-05,  -2.82424910e-05,   8.85937732e-01],
       [  1.33611727e-01,   1.33283184e-01,   1.32954641e-01, ...,
         -6.81622059e-05,   0.00000000e+00,   4.12949912e-01],
       [  1.22036394e-01,   1.21761939e-01,   1.21487484e-01, ...,
          2.34427250e-05,   0.00000000e+00,   5.20300480e-01],
       ..., 
       [  1.04947625e-01,   1.04781924e-01,   1.04654859e-01, ...,
         -7.55646083e-06,  -7.66054431e-06,   6.81469254e-01],
       [  1.18781824e-01,   1.18677068e-01,   1.18575206e-01, ...,
          2.10422603e-05,   4.35357110e-06,   5.66989541e-01],
       [  1.13631069e-01,   1.13475979e-01,   1.13326562e-01, ...,
         -7.36348560e-05,  -4.35115058e-05,   6.22017368e-01]]), 'missing_data': True, 'input_dim': 15, 'num_inducing': 67, 'optimize_algo': 'scg'}
start training
start optimization
Max iters :  500
Running Scaled Conjugate Gradients Code:
  runtime   i     f              |g|        
    00s00  000   1.600479e+06           nan     01s58  001   1.600479e+06           nan     03s16  002   1.600479e+06   9.874868e+10 
    04s74  003   1.600479e+06   9.874868e+10     06s32  004   1.136508e+06   9.874868e+10     07s90  005   1.136508e+06   8.705485e+10     09s48  006   1.136508e+06   8.705486e+10     11s16  007   3.353427e+11   8.705486e+10     12s74  008   5.565123e+05   8.705486e+10     14s32  009   5.565123e+05   1.576690e+11     15s90  010   5.565123e+05   1.576690e+11     17s47  011   1.751912e+11   1.576690e+11 
    19s05  012  -5.086557e+05   1.576690e+11     20s63  013  -5.086557e+05   8.332728e+10     22s21  014  -5.086557e+05   8.332728e+10     23s79  015  -9.912622e+05   8.332728e+10     25s37  016  -9.912622e+05   1.083434e+11     26s94  017  -9.912622e+05   1.083434e+11     28s52  018  -1.091182e+06   1.083434e+11     30s10  019  -1.091182e+06   5.181235e+10 
    31s67  020  -1.091182e+06   5.181233e+10     33s25  021  -1.149834e+06   5.181233e+10     34s82  022  -1.149834e+06   1.823637e+10     36s40  023  -1.149834e+06   1.823637e+10     37s97  024   2.304074e+11   1.823637e+10     39s54  025  -1.394257e+06   1.823637e+10     41s12  026  -1.394257e+06   2.431767e+10     42s70  027  -1.394257e+06   2.431767e+10     44s27  028  -2.432520e+06   2.431767e+10     45s85  029  -2.432520e+06   4.843239e+11     47s42  030  -2.432520e+06   4.843239e+11     48s99  031  -2.808349e+06   4.843239e+11     50s57  032  -2.808349e+06   3.719030e+11     52s15  033  -2.808349e+06   3.719028e+11     53s72  034  -2.995138e+06   3.719028e+11     55s30  035  -2.995138e+06   3.179403e+10     56s88  036  -2.995138e+06   3.179402e+10     58s45  037  -3.139615e+06   3.179402e+10  01m00s03  038  -3.139615e+06   1.591428e+10  01m01s60  039  -3.139615e+06   1.591428e+10  01m03s18  040  -3.204921e+06   1.591428e+10  01m04s76  041  -3.204921e+06   1.878171e+11  01m06s33  042  -3.204921e+06   1.878172e+11  01m07s91  043  -3.205039e+06   1.878172e+11  01m09s48  044  -3.205039e+06   1.964897e+11  01m11s06  045  -3.205039e+06   1.964897e+11  01m12s63  046  -3.448881e+06   1.964897e+11  01m14s21  047  -3.448881e+06   2.076851e+10  01m15s79  048  -3.448881e+06   2.076851e+10  01m17s36  049  -3.451749e+06   2.076851e+10 
 01m18s94  050  -3.451749e+06   9.799060e+09  01m20s52  051  -3.451749e+06   9.799060e+09  01m22s09  052  -3.587312e+06   9.799060e+09  01m23s67  053  -3.587312e+06   6.061717e+09  01m25s24  054  -3.587312e+06   6.061714e+09  01m26s81  055  -3.603288e+06   6.061714e+09  01m28s39  056  -3.603288e+06   7.078005e+09  01m29s96  057  -3.603288e+06   7.078003e+09  01m31s53  058  -3.627459e+06   7.078003e+09  01m33s11  059  -3.627459e+06   1.534574e+09  01m34s68  060  -3.627459e+06   1.534574e+09  01m36s26  061  -3.656926e+06   1.534574e+09  01m37s83  062  -3.656926e+06   1.896823e+09  01m39s40  063  -3.656926e+06   1.896822e+09  01m40s98  064  -3.664274e+06   1.896822e+09  01m42s56  065  -3.664274e+06   4.686294e+09  01m44s13  066  -3.664274e+06   4.686295e+09  01m45s70  067  -3.712411e+06   4.686295e+09  01m47s28  068  -3.712411e+06   2.430543e+10  01m48s85  069  -3.712411e+06   2.430543e+10  01m50s42  070  -3.761800e+06   2.430543e+10  01m52s00  071  -3.761800e+06   7.963716e+09  01m53s57  072  -3.761800e+06   7.963716e+09  01m55s14  073  -3.887393e+06   7.963716e+09  01m56s71  074  -3.887393e+06   2.676325e+09  01m58s28  075  -3.887393e+06   2.676323e+09  01m59s85  076  -3.888892e+06   2.676323e+09 
 02m01s43  077  -3.888892e+06   9.754225e+08  02m03s00  078  -3.888892e+06   9.754224e+08  02m04s57  079  -3.914459e+06   9.754224e+08  02m06s15  080  -3.914459e+06   1.533537e+09  02m07s72  081  -3.914459e+06   1.533535e+09  02m09s29  082  -3.918183e+06   1.533535e+09  02m10s86  083  -3.918183e+06   1.124517e+09  02m12s44  084  -3.918183e+06   1.124517e+09  02m14s01  085  -3.879820e+06   1.124517e+09  02m15s57  086  -3.879819e+06   1.124517e+09  02m17s14  087  -3.879819e+06   1.124517e+09  02m18s71  088  -3.879819e+06   1.124517e+09  02m20s28  089  -3.879819e+06   1.124517e+09  02m21s85  090  -3.879820e+06   1.124517e+09  02m23s42  091  -3.879820e+06   1.124517e+09  02m24s99  092  -3.879820e+06   1.124517e+09  02m26s56  093  -3.879820e+06   1.124517e+09  02m28s13  094  -3.879821e+06   1.124517e+09  02m29s70  095  -3.879826e+06   1.124517e+09  02m31s27  096  -3.879847e+06   1.124517e+09  02m32s83  097  -3.879928e+06   1.124517e+09  02m34s40  098  -3.880254e+06   1.124517e+09  02m35s97  099  -3.881531e+06   1.124517e+09  02m37s54  100  -3.886279e+06   1.124517e+09  02m39s11  101  -3.900718e+06   1.124517e+09  02m40s68  102  -3.924165e+06   1.124517e+09  02m42s25  103  -3.924165e+06   1.533862e+10  02m43s82  104  -3.924165e+06   1.533861e+10  02m45s39  105  -3.938678e+06   1.533861e+10  02m46s97  106  -3.938678e+06   1.224205e+09  02m48s54  107  -3.938678e+06   1.224205e+09  02m50s11  108   7.556831e+09   1.224205e+09  02m51s68  109  -3.949427e+06   1.224205e+09  02m53s25  110  -3.949427e+06   5.531250e+08  02m54s82  111  -3.949427e+06   5.531245e+08  02m56s39  112  -3.951292e+06   5.531245e+08  02m57s97  113  -3.951292e+06   7.705350e+08  02m59s54  114  -3.951292e+06   7.705347e+08  03m01s11  115  -3.965244e+06   7.705347e+08  03m02s68  116  -3.965244e+06   6.455478e+08  03m04s26  117  -3.965244e+06   6.455474e+08  03m05s83  118  -3.971728e+06   6.455474e+08  03m07s40  119  -3.971728e+06   3.416059e+09  03m08s97  120  -3.971728e+06   3.416059e+09  03m10s55  121  -4.019644e+06   3.416059e+09  03m12s12  122  -4.019644e+06   1.089296e+09  03m13s69  123  -4.019644e+06   1.089295e+09  03m15s26  124  -4.025149e+06   1.089295e+09  03m16s84  125  -4.025149e+06   8.048599e+08  03m18s41  126  -4.025149e+06   8.048584e+08  03m19s98  127  -4.027666e+06   8.048584e+08  03m21s56  128  -4.027666e+06   5.797932e+08  03m23s13  129  -4.027666e+06   5.797929e+08  03m24s70  130  -4.034749e+06   5.797929e+08  03m26s27  131  -4.034749e+06   3.345102e+08  03m27s84  132  -4.034749e+06   3.345098e+08  03m29s41  133  -4.036756e+06   3.345098e+08  03m30s99  134  -4.036756e+06   5.618002e+08  03m32s56  135  -4.036756e+06   5.617994e+08  03m34s13  136  -4.041521e+06   5.617994e+08  03m35s70  137  -4.041521e+06   9.160108e+08  03m37s28  138  -4.041521e+06   9.160102e+08  03m38s84  139  -4.051197e+06   9.160102e+08  03m40s42  140  -4.051197e+06   2.438728e+09  03m41s99  141  -4.051197e+06   2.438727e+09  03m43s56  142  -4.060613e+06   2.438727e+09  03m45s13  143  -4.060613e+06   7.084532e+08  03m46s71  144  -4.060613e+06   7.084517e+08  03m48s28  145  -4.060875e+06   7.084517e+08  03m49s85  146  -4.060875e+06   2.989960e+08  03m51s42  147  -4.060875e+06   2.989961e+08  03m53s10  148   3.414335e+13   2.989961e+08  03m54s67  149  -4.063154e+06   2.989961e+08  03m56s24  150  -4.063154e+06   2.754640e+08  03m57s82  151  -4.063154e+06   2.754638e+08  03m59s39  152  -4.065165e+06   2.754638e+08  04m00s96  153  -4.065165e+06   7.094091e+08  04m02s53  154  -4.065165e+06   7.094090e+08  04m04s10  155  -4.015601e+06   7.094090e+08  04m05s67  156  -4.071539e+06   7.094090e+08  04m07s25  157  -4.071539e+06   1.799952e+09  04m08s82  158  -4.071539e+06   1.799953e+09  04m10s39  159  -4.075890e+06   1.799953e+09  04m11s96  160  -4.075890e+06   1.017192e+09  04m13s54  161  -4.075890e+06   1.017190e+09  04m15s10  162  -4.076397e+06   1.017190e+09  04m16s68  163  -4.076397e+06   5.614351e+08  04m18s25  164  -4.076397e+06   5.614360e+08  04m19s82  165  -4.076436e+06   5.614360e+08  04m21s39  166  -4.076436e+06   6.324295e+08  04m22s97  167  -4.076436e+06   6.324285e+08  04m24s54  168  -4.077904e+06   6.324285e+08  04m26s11  169  -4.077904e+06   5.119624e+08  04m27s68  170  -4.077904e+06   5.119630e+08  04m29s25  171   5.652197e+07   5.119630e+08  04m30s82  172  -4.078544e+06   5.119630e+08  04m32s39  173  -4.078544e+06   4.889168e+08  04m33s97  174  -4.078544e+06   4.889153e+08  04m35s54  175  -4.079264e+06   4.889153e+08  04m37s11  176  -4.079264e+06   2.080754e+08  04m38s69  177  -4.079264e+06   2.080754e+08  04m40s25  178  -4.088478e+06   2.080754e+08  04m41s83  179  -4.088478e+06   4.706736e+08  04m43s40  180  -4.088478e+06   4.706732e+08  04m44s97  181  -4.090926e+06   4.706732e+08  04m46s54  182  -4.090926e+06   1.977818e+09  04m48s12  183  -4.090926e+06   1.977818e+09  04m49s69  184  -4.107911e+06   1.977818e+09  04m51s26  185  -4.107911e+06   6.807341e+09  04m52s84  186  -4.107911e+06   6.807337e+09  04m54s40  187  -4.119653e+06   6.807337e+09  04m55s98  188  -4.119653e+06   1.575477e+09  04m57s55  189  -4.119653e+06   1.575477e+09  04m59s12  190  -4.107130e+06   1.575477e+09  05m00s69  191  -4.107545e+06   1.575477e+09  05m02s26  192  -4.109035e+06   1.575477e+09  05m03s83  193  -4.113080e+06   1.575477e+09  05m05s40  194  -4.118289e+06   1.575477e+09  05m06s97  195  -4.119980e+06   1.575477e+09  05m08s54  196  -4.119980e+06   4.164262e+08  05m10s12  197  -4.119980e+06   4.164261e+08  05m11s69  198  -4.126363e+06   4.164261e+08  05m13s26  199  -4.126363e+06   1.656066e+09  05m14s84  200  -4.126363e+06   1.656063e+09  05m16s41  201  -4.130116e+06   1.656063e+09  05m17s98  202  -4.130116e+06   2.360871e+08  05m19s55  203  -4.130116e+06   2.360861e+08  05m21s12  204  -4.130437e+06   2.360861e+08  05m22s70  205  -4.130437e+06   1.823535e+08  05m24s27  206  -4.130437e+06   1.823535e+08  05m25s84  207  -4.144964e+06   1.823535e+08  05m27s41  208  -4.144964e+06   5.505296e+09  05m28s99  209  -4.144964e+06   5.505294e+09  05m30s56  210  -4.159887e+06   5.505294e+09  05m32s13  211  -4.159887e+06   2.055622e+09  05m33s70  212  -4.159887e+06   2.055620e+09  05m35s27  213  -4.160831e+06   2.055620e+09  05m36s85  214  -4.160831e+06   5.985213e+08 
 05m38s42  215  -4.160831e+06   5.985214e+08  05m39s99  216   4.417790e+12   5.985214e+08  05m41s56  217  -4.164896e+06   5.985214e+08  05m43s14  218  -4.164896e+06   3.626483e+08  05m44s71  219  -4.164896e+06   3.626476e+08  05m46s28  220  -4.165736e+06   3.626476e+08  05m47s85  221  -4.165736e+06   3.528568e+08  05m49s42  222  -4.165736e+06   3.528563e+08  05m50s99  223  -4.167974e+06   3.528563e+08  05m52s57  224  -4.167974e+06   2.267274e+08  05m54s14  225  -4.167974e+06   2.267275e+08  05m55s71  226  -4.169990e+06   2.267275e+08  05m57s28  227  -4.169990e+06   7.546766e+08  05m58s86  228  -4.169991e+06   7.546757e+08  06m00s43  229  -4.173229e+06   7.546757e+08  06m02s00  230  -4.173229e+06   2.627190e+08  06m03s57  231  -4.173229e+06   2.627184e+08  06m05s14  232  -4.173663e+06   2.627184e+08  06m06s71  233  -4.173663e+06   2.692541e+08  06m08s29  234  -4.173663e+06   2.692536e+08  06m09s86  235  -4.174539e+06   2.692536e+08  06m11s43  236  -4.174539e+06   1.964519e+08  06m13s01  237  -4.174539e+06   1.964519e+08  06m14s57  238  -4.168287e+06   1.964519e+08  06m16s14  239  -4.168295e+06   1.964519e+08  06m17s71  240  -4.168327e+06   1.964519e+08  06m19s28  241  -4.168454e+06   1.964519e+08  06m20s85  242  -4.168936e+06   1.964519e+08  06m22s42  243  -4.170491e+06   1.964519e+08  06m23s99  244  -4.173521e+06   1.964519e+08  06m25s56  245  -4.175279e+06   1.964519e+08  06m27s13  246  -4.175279e+06   8.674878e+08  06m28s70  247  -4.175279e+06   8.674890e+08  06m30s28  248  -4.178042e+06   8.674890e+08  06m31s85  249  -4.178042e+06   1.617483e+09  06m33s42  250  -4.178042e+06   1.617480e+09  06m34s99  251  -4.181110e+06   1.617480e+09  06m36s56  252  -4.181110e+06   2.064743e+08  06m38s14  253  -4.181110e+06   2.064740e+08  06m39s71  254  -4.185572e+06   2.064740e+08  06m41s28  255  -4.185572e+06   1.830435e+08  06m42s85  256  -4.185572e+06   1.830432e+08  06m44s42  257  -4.187654e+06   1.830432e+08  06m46s00  258  -4.187654e+06   9.003987e+08  06m47s57  259  -4.187654e+06   9.003972e+08  06m49s14  260  -4.193262e+06   9.003972e+08  06m50s72  261  -4.193262e+06   1.937014e+08  06m52s29  262  -4.193262e+06   1.937005e+08  06m53s86  263  -4.193413e+06   1.937005e+08  06m55s43  264  -4.193413e+06   1.524065e+08  06m57s01  265  -4.193413e+06   1.524065e+08  06m58s58  266  -4.217013e+06   1.524065e+08  07m00s15  267  -4.217013e+06   2.693226e+09  07m01s72  268  -4.217013e+06   2.693228e+09  07m03s30  269   3.018749e+12   2.693228e+09  07m04s86  270  -4.220884e+06   2.693228e+09  07m06s44  271  -4.220884e+06   1.328999e+09  07m08s01  272  -4.220884e+06   1.328997e+09  07m09s58  273  -4.221723e+06   1.328997e+09  07m11s15  274  -4.221723e+06   1.390875e+08  07m12s73  275  -4.221723e+06   1.390875e+08  07m14s29  276  -4.227011e+06   1.390875e+08  07m15s87  277  -4.227011e+06   1.577058e+08  07m17s44  278  -4.227011e+06   1.577055e+08  07m19s01  279  -4.227951e+06   1.577055e+08  07m20s59  280  -4.227951e+06   2.725235e+08  07m22s16  281  -4.227951e+06   2.725241e+08  07m23s73  282  -1.701652e+06   2.725241e+08  07m25s31  283  -4.229150e+06   2.725241e+08  07m26s88  284  -4.229150e+06   1.344621e+08  07m28s46  285  -4.229150e+06   1.344621e+08  07m30s04  286  -4.232197e+06   1.344621e+08  07m31s61  287  -4.232197e+06   1.354600e+08  07m33s19  288  -4.232197e+06   1.354600e+08  07m34s76  289  -4.238758e+06   1.354600e+08  07m36s33  290  -4.238758e+06   2.782464e+09  07m37s91  291  -4.238758e+06   2.782462e+09  07m39s48  292  -4.251958e+06   2.782462e+09  07m41s06  293  -4.251958e+06   1.719259e+08  07m42s63  294  -4.251958e+06   1.719255e+08  07m44s20  295  -4.252584e+06   1.719255e+08  07m45s78  296  -4.252584e+06   3.995837e+08  07m47s35  297  -4.252584e+06   3.995848e+08  07m48s92  298  -1.578982e+06   3.995848e+08  07m50s49  299  -4.293616e+06   3.995848e+08  07m52s06  300  -4.293616e+06   2.008415e+09  07m53s64  301  -4.293616e+06   2.008410e+09  07m55s21  302  -4.297933e+06   2.008410e+09  07m56s79  303  -4.297933e+06   5.093036e+08  07m58s36  304  -4.297933e+06   5.093023e+08  07m59s93  305  -4.298022e+06   5.093023e+08  08m01s50  306  -4.298022e+06   2.320227e+08  08m03s08  307  -4.298022e+06   2.320229e+08  08m04s65  308  -4.305217e+06   2.320229e+08  08m06s23  309  -4.305217e+06   1.209217e+08  08m07s81  310  -4.305217e+06   1.209218e+08  08m09s38  311   4.229567e+06   1.209218e+08  08m10s95  312  -4.305554e+06   1.209218e+08  08m12s52  313  -4.305554e+06   1.315919e+08  08m14s09  314  -4.305554e+06   1.315920e+08  08m15s66  315  -4.307162e+06   1.315920e+08  08m17s24  316  -4.307162e+06   3.050988e+08  08m18s81  317  -4.307162e+06   3.050992e+08  08m20s38  318  -4.293487e+06   3.050992e+08  08m21s95  319  -4.308963e+06   3.050992e+08  08m23s52  320  -4.308963e+06   1.476651e+08  08m25s09  321  -4.308963e+06   1.476648e+08  08m26s66  322  -4.310702e+06   1.476648e+08  08m28s24  323  -4.310702e+06   2.343441e+08  08m29s81  324  -4.310702e+06   2.343440e+08  08m31s38  325  -4.312709e+06   2.343440e+08  08m32s95  326  -4.312709e+06   2.925481e+09  08m34s52  327  -4.312709e+06   2.925489e+09  08m36s09  328  -4.313249e+06   2.925489e+09  08m37s66  329  -4.313249e+06   3.210141e+09  08m39s24  330  -4.313249e+06   3.210135e+09  08m40s81  331  -4.317000e+06   3.210135e+09  08m42s39  332  -4.317000e+06   2.730151e+08  08m43s96  333  -4.317000e+06   2.730148e+08  08m45s53  334  -4.314889e+06   2.730148e+08  08m47s10  335  -4.315003e+06   2.730148e+08  08m48s67  336  -4.315407e+06   2.730148e+08  08m50s24  337  -4.316437e+06   2.730148e+08  08m51s81  338  -4.317485e+06   2.730148e+08  08m53s38  339  -4.317485e+06   4.979631e+08  08m54s96  340  -4.317485e+06   4.979613e+08  08m56s53  341  -4.317794e+06   4.979613e+08  08m58s10  342  -4.317794e+06   7.844938e+08  08m59s68  343  -4.317794e+06   7.844935e+08  09m01s25  344  -4.319675e+06   7.844935e+08  09m02s82  345  -4.319675e+06   4.488846e+08  09m04s40  346  -4.319675e+06   4.488845e+08  09m05s97  347  -4.323113e+06   4.488845e+08  09m07s54  348  -4.323113e+06   5.149247e+08  09m09s11  349  -4.323113e+06   5.149223e+08  09m10s68  350  -4.323801e+06   5.149223e+08  09m12s25  351  -4.323801e+06   1.036332e+08  09m13s83  352  -4.323801e+06   1.036331e+08  09m15s40  353  -4.325235e+06   1.036331e+08 
 09m16s97  354  -4.325235e+06   9.816480e+07  09m18s55  355  -4.325235e+06   9.816486e+07  09m20s12  356  -2.669843e+06   9.816486e+07  09m21s69  357  -4.326176e+06   9.816486e+07  09m23s26  358  -4.326176e+06   1.311660e+08  09m24s84  359  -4.326176e+06   1.311660e+08  09m26s41  360  -4.323663e+06   1.311660e+08  09m27s98  361  -4.326963e+06   1.311660e+08  09m29s55  362  -4.326963e+06   2.020614e+08  09m31s13  363  -4.326963e+06   2.020613e+08  09m32s70  364  -4.329502e+06   2.020613e+08  09m34s27  365  -4.329502e+06   5.402799e+08  09m35s84  366  -4.329502e+06   5.402807e+08  09m37s41  367  -4.336700e+06   5.402807e+08  09m38s99  368  -4.336700e+06   8.948820e+09  09m40s56  369  -4.336700e+06   8.948806e+09  09m42s13  370  -4.342120e+06   8.948806e+09  09m43s71  371  -4.342120e+06   1.233425e+10  09m45s29  372  -4.342120e+06   1.233424e+10  09m46s86  373  -4.349883e+06   1.233424e+10  09m48s43  374  -4.349883e+06   5.224215e+09  09m50s06  375  -4.349883e+06   5.224210e+09  09m51s63  376  -4.353474e+06   5.224210e+09  09m53s20  377  -4.353474e+06   1.323109e+08  09m54s77  378  -4.353474e+06   1.323110e+08  09m56s34  379  -4.404990e+06   1.323110e+08  09m57s92  380  -4.404990e+06   6.799682e+10  09m59s49  381  -4.404990e+06   6.799682e+10  10m01s06  382  -4.409842e+06   6.799682e+10  10m02s64  383  -4.409842e+06   6.645703e+10  10m04s21  384  -4.409842e+06   6.645700e+10  10m05s78  385  -4.461526e+06   6.645700e+10  10m07s36  386  -4.461526e+06   6.293552e+09  10m08s93  387  -4.461526e+06   6.293551e+09  10m10s50  388  -4.501067e+06   6.293551e+09  10m12s08  389  -4.501067e+06   1.387055e+09  10m13s65  390  -4.501067e+06   1.387049e+09  10m15s22  391  -4.502482e+06   1.387049e+09  10m16s79  392  -4.502482e+06   3.564822e+08  10m18s37  393  -4.502482e+06   3.564810e+08  10m19s94  394  -4.503671e+06   3.564810e+08  10m21s51  395  -4.503671e+06   2.500853e+08  10m23s08  396  -4.503671e+06   2.500858e+08  10m24s55  397   2.360153e+15   2.500858e+08  10m26s12  398  -4.504177e+06   2.500858e+08  10m27s69  399  -4.504177e+06   2.389457e+08  10m29s27  400  -4.504177e+06   2.389455e+08  10m30s84  401  -4.505213e+06   2.389455e+08  10m32s41  402  -4.505213e+06   2.169190e+08  10m33s98  403  -4.505213e+06   2.169195e+08  10m35s55  404  -4.509811e+06   2.169195e+08  10m37s13  405  -4.509811e+06   1.344433e+08  10m38s70  406  -4.509811e+06   1.344429e+08  10m40s27  407  -4.510361e+06   1.344429e+08  10m41s84  408  -4.510361e+06   1.426659e+08  10m43s42  409  -4.510361e+06   1.426655e+08  10m44s99  410  -4.511017e+06   1.426655e+08  10m46s56  411  -4.511017e+06   1.250850e+08  10m48s13  412  -4.511017e+06   1.250852e+08  10m49s70  413  -4.394583e+06   1.250852e+08  10m51s27  414  -4.511472e+06   1.250852e+08  10m52s85  415  -4.511472e+06   1.075960e+08  10m54s42  416  -4.511472e+06   1.075961e+08  10m55s99  417  -4.514275e+06   1.075961e+08  10m57s56  418  -4.514275e+06   4.008363e+08  10m59s14  419  -4.514275e+06   4.008356e+08  11m00s71  420  -4.511482e+06   4.008356e+08  11m02s28  421  -4.514888e+06   4.008356e+08  11m03s85  422  -4.514888e+06   1.767893e+08  11m05s42  423  -4.514888e+06   1.767892e+08  11m06s99  424  -4.514012e+06   1.767892e+08  11m08s56  425  -4.515086e+06   1.767892e+08  11m10s14  426  -4.515086e+06   1.008676e+08  11m11s71  427  -4.515086e+06   1.008672e+08  11m13s28  428  -4.516176e+06   1.008672e+08  11m14s86  429  -4.516176e+06   1.023254e+08  11m16s43  430  -4.516176e+06   1.023252e+08  11m18s00  431  -4.516627e+06   1.023252e+08  11m19s57  432  -4.516627e+06   3.027952e+08  11m21s15  433  -4.516627e+06   3.027947e+08  11m22s72  434  -4.530245e+06   3.027947e+08  11m24s29  435  -4.530245e+06   1.914907e+08  11m25s86  436  -4.530245e+06   1.914910e+08  11m27s43  437  -4.497121e+06   1.914910e+08  11m29s00  438  -4.530939e+06   1.914910e+08  11m30s58  439  -4.530939e+06   9.085763e+07  11m32s15  440  -4.530939e+06   9.085763e+07  11m33s72  441  -4.532859e+06   9.085763e+07  11m35s29  442  -4.532859e+06   4.351364e+08  11m36s86  443  -4.532859e+06   4.351333e+08  11m38s43  444  -4.533370e+06   4.351333e+08  11m40s01  445  -4.533370e+06   2.633179e+08  11m41s58  446  -4.533370e+06   2.633167e+08  11m43s15  447  -4.533632e+06   2.633167e+08  11m44s72  448  -4.533632e+06   9.535585e+07  11m46s29  449  -4.533632e+06   9.535629e+07  11m47s86  450  -4.544071e+06   9.535629e+07  11m49s44  451  -4.544071e+06   2.303906e+10  11m51s01  452  -4.544071e+06   2.303906e+10  11m52s58  453  -4.544080e+06   2.303906e+10  11m54s15  454  -4.544080e+06   2.304188e+10  11m55s73  455  -4.544080e+06   2.304188e+10  11m57s30  456  -4.608791e+06   2.304188e+10  11m58s87  457  -4.608791e+06   2.249088e+10  12m00s44  458  -4.608791e+06   2.249083e+10  12m02s01  459  -4.613250e+06   2.249083e+10  12m03s58  460  -4.613250e+06   2.051717e+10  12m05s16  461  -4.613250e+06   2.051716e+10  12m06s73  462  -4.616439e+06   2.051716e+10  12m08s30  463  -4.616439e+06   2.111229e+10  12m09s88  464  -4.616439e+06   2.111228e+10  12m11s45  465  -4.608888e+06   2.111228e+10  12m13s02  466  -4.636811e+06   2.111228e+10  12m14s59  467  -4.636811e+06   1.334309e+10  12m16s16  468  -4.636811e+06   1.334306e+10  12m17s73  469  -4.643949e+06   1.334306e+10  12m19s30  470  -4.643949e+06   5.840444e+09  12m20s88  471  -4.643949e+06   5.840427e+09  12m22s45  472  -4.648259e+06   5.840427e+09  12m24s02  473  -4.648259e+06   2.294120e+09  12m25s59  474  -4.648259e+06   2.294114e+09  12m27s16  475  -4.651460e+06   2.294114e+09  12m28s74  476  -4.651460e+06   8.806458e+08  12m30s31  477  -4.651460e+06   8.806465e+08  12m31s88  478   2.122627e+08   8.806465e+08  12m33s45  479  -4.653970e+06   8.806465e+08  12m35s02  480  -4.653970e+06   6.759971e+08  12m36s60  481  -4.653970e+06   6.760006e+08  12m38s17  482  -4.659326e+06   6.760006e+08  12m39s74  483  -4.659326e+06   4.761067e+08  12m41s32  484  -4.659326e+06   4.761065e+08  12m42s89  485  -4.661058e+06   4.761065e+08  12m44s46  486  -4.661058e+06   4.590469e+08  12m46s04  487  -4.661058e+06   4.590465e+08  12m47s61  488  -4.663846e+06   4.590465e+08  12m49s18  489  -4.663846e+06   4.813320e+08  12m50s75  490  -4.663846e+06   4.813320e+08  12m52s32  491  -4.668650e+06   4.813320e+08  12m53s90  492  -4.668650e+06   2.965962e+09  12m55s47  493  -4.668650e+06   2.965958e+09  12m57s04  494  -4.678444e+06   2.965958e+09  12m58s62  495  -4.678444e+06   1.732994e+09  13m00s19  496  -4.678444e+06   1.732998e+09  13m01s76  497   2.828535e+06   1.732998e+09  13m03s33  498  -4.679082e+06   1.732998e+09  13m04s90  499  -4.679082e+06   1.002769e+09  13m06s48  500  -4.679082e+06   1.002768e+09  13m08s05  501  -4.680520e+06   1.002768e+09  13m09s62  502  -4.680520e+06   3.293732e+08  13m11s19  503  -4.680520e+06   3.293732e+08  13m12s76  504  -4.686640e+06   3.293732e+08  13m14s33  505  -4.686640e+06   8.874184e+08  13m15s91  506  -4.686640e+06   8.874177e+08  13m17s48  507  -4.691853e+06   8.874177e+08  13m19s05  508  -4.691853e+06   1.727523e+09  13m20s63  509  -4.691853e+06   1.727527e+09  13m22s19  510  -4.695831e+06   1.727527e+09  13m23s77  511  -4.695831e+06   1.303703e+09  13m25s34  512  -4.695831e+06   1.303694e+09  13m26s91  513  -4.696553e+06   1.303694e+09  13m28s48  514  -4.696553e+06   6.455878e+08  13m30s05  515  -4.696553e+06   6.455870e+08  13m31s62  516  -4.697701e+06   6.455870e+08  13m33s20  517  -4.697701e+06   1.994226e+09  13m34s77  518  -4.697701e+06   1.994228e+09  13m36s34  519  -4.697996e+06   1.994228e+09  13m37s92  520  -4.697996e+06   2.351121e+09  13m39s49  521  -4.697996e+06   2.351125e+09  13m41s06  522   6.065392e+11   2.351125e+09  13m42s63  523  -4.700953e+06   2.351125e+09  13m44s21  524  -4.700953e+06   5.353837e+08  13m45s78  525  -4.700953e+06   5.353860e+08  13m47s35  526  -4.701418e+06   5.353860e+08  13m48s92  527  -4.701418e+06   1.594085e+09  13m50s50  528  -4.701417e+06   1.594091e+09  13m52s07  529  -4.701420e+06   1.594091e+09  13m53s64  530  -4.701420e+06   1.612551e+09  13m55s22  531  -4.701420e+06   1.612540e+09  13m56s79  532  -4.702357e+06   1.612540e+09  13m58s36  533  -4.702357e+06   8.520187e+08  13m59s93  534  -4.702357e+06   8.520168e+08  14m01s50  535  -4.703543e+06   8.520168e+08  14m03s08  536  -4.703543e+06   3.010578e+08  14m04s65  537  -4.703543e+06   3.010587e+08  14m06s22  538  -4.723048e+06   3.010587e+08  14m07s79  539  -4.723048e+06   5.718119e+08  14m09s36  540  -4.723048e+06   5.718109e+08  14m10s93  541  -4.725119e+06   5.718109e+08  14m12s51  542  -4.725119e+06   2.537825e+08  14m14s08  543  -4.725119e+06   2.537815e+08  14m15s65  544  -4.726020e+06   2.537815e+08  14m17s22  545  -4.726020e+06   2.068274e+08  14m18s80  546  -4.726020e+06   2.068276e+08  14m20s36  547   2.210936e+11   2.068276e+08  14m21s93  548  -4.727074e+06   2.068276e+08  14m23s51  549  -4.727074e+06   1.910793e+08  14m25s08  550  -4.727074e+06   1.910791e+08  14m26s65  551  -4.728413e+06   1.910791e+08  14m28s22  552  -4.728413e+06   1.845332e+08  14m29s80  553  -4.728413e+06   1.845327e+08  14m31s36  554  -4.729373e+06   1.845327e+08  14m32s94  555  -4.729373e+06   1.849447e+08  14m34s51  556  -4.729373e+06   1.849448e+08  14m36s08  557  -4.710820e+06   1.849448e+08  14m37s66  558  -4.731293e+06   1.849448e+08  14m39s23  559  -4.731293e+06   2.682390e+08  14m40s81  560  -4.731293e+06   2.682387e+08  14m42s38  561  -4.733028e+06   2.682387e+08  14m43s95  562  -4.733028e+06   6.514583e+08  14m45s52  563  -4.733028e+06   6.514584e+08  14m47s09  564  -4.737946e+06   6.514584e+08  14m48s67  565  -4.737946e+06   1.655516e+08  14m50s24  566  -4.737946e+06   1.655513e+08  14m51s81  567  -4.739030e+06   1.655513e+08  14m53s39  568  -4.739030e+06   1.877856e+08  14m54s96  569  -4.739030e+06   1.877857e+08  14m56s53  570   1.131501e+08   1.877857e+08  14m58s10  571  -4.740428e+06   1.877857e+08  14m59s68  572  -4.740428e+06   3.622143e+08  15m01s25  573  -4.740428e+06   3.622155e+08  15m02s82  574  -4.744342e+06   3.622155e+08  15m04s40  575  -4.744342e+06   1.749846e+09  15m05s97  576  -4.744342e+06   1.749842e+09  15m07s54  577  -4.745702e+06   1.749842e+09  15m09s12  578  -4.745702e+06   1.603848e+09  15m10s69  579  -4.745702e+06   1.603845e+09  15m12s26  580  -4.747418e+06   1.603845e+09  15m13s83  581  -4.747418e+06   1.453077e+08  15m15s41  582  -4.747418e+06   1.453077e+08  15m16s98  583  -4.751147e+06   1.453077e+08  15m18s55  584  -4.751147e+06   1.392945e+08  15m20s12  585  -4.751147e+06   1.392945e+08  15m21s70  586  -4.757498e+06   1.392945e+08  15m23s27  587  -4.757498e+06   2.197227e+08  15m24s84  588  -4.757497e+06   2.197208e+08  15m26s41  589  -4.757923e+06   2.197208e+08  15m27s98  590  -4.757923e+06   1.363357e+08  15m29s56  591  -4.757923e+06   1.363353e+08  15m31s13  592  -4.758810e+06   1.363353e+08  15m32s70  593  -4.758810e+06   1.500655e+08  15m34s28  594  -4.758810e+06   1.500651e+08  15m35s85  595  -4.760353e+06   1.500651e+08  15m37s42  596  -4.760353e+06   5.589422e+08  15m38s99  597  -4.760353e+06   5.589402e+08  15m40s56  598  -4.761946e+06   5.589402e+08  15m42s14  599  -4.761946e+06   2.643351e+08  15m43s71  600  -4.761946e+06   2.643352e+08  15m45s17  601   2.073960e+17   2.643352e+08  15m46s74  602  -4.761497e+06   2.643352e+08  15m48s31  603  -4.762145e+06   2.643352e+08  15m49s88  604  -4.762145e+06   1.373044e+08  15m51s45  605  -4.762145e+06   1.373046e+08  15m53s02  606  -4.762986e+06   1.373046e+08  15m54s60  607  -4.762986e+06   1.299461e+08  15m56s17  608  -4.762986e+06   1.299460e+08  15m57s75  609  -4.764225e+06   1.299460e+08  15m59s32  610  -4.764225e+06   1.877667e+08  16m00s89  611  -4.764225e+06   1.877659e+08  16m02s46  612  -4.764962e+06   1.877659e+08  16m04s04  613  -4.764962e+06   1.327570e+08  16m05s61  614  -4.764962e+06   1.327575e+08  16m07s18  615  -4.737285e+06   1.327575e+08  16m08s75  616  -4.765313e+06   1.327575e+08  16m10s33  617  -4.765313e+06   1.221943e+08  16m11s90  618  -4.765313e+06   1.221943e+08  16m13s47  619  -4.766197e+06   1.221943e+08  16m15s05  620  -4.766197e+06   1.236943e+08  16m16s62  621  -4.766197e+06   1.236939e+08  16m18s19  622  -4.766798e+06   1.236939e+08  16m19s76  623  -4.766798e+06   1.258555e+08  16m21s33  624  -4.766798e+06   1.258551e+08  16m22s91  625  -4.767666e+06   1.258551e+08  16m24s48  626  -4.767666e+06   1.478505e+08  16m26s06  627  -4.767666e+06   1.478503e+08  16m27s62  628  -4.769173e+06   1.478503e+08  16m29s20  629  -4.769173e+06   1.152250e+09  16m30s77  630  -4.769173e+06   1.152252e+09  16m32s34  631  -4.954251e+06   1.152252e+09  16m33s91  632  -4.954251e+06   5.986952e+09  16m35s50  633  -4.954251e+06   5.986946e+09  16m37s07  634  -4.965131e+06   5.986946e+09  16m38s64  635  -4.965131e+06   1.863548e+09  16m40s21  636  -4.965131e+06   1.863548e+09  16m41s78  637  -2.191392e+06   1.863548e+09  16m43s35  638  -4.965489e+06   1.863548e+09  16m44s92  639  -4.965489e+06   1.427313e+09  16m46s50  640  -4.965489e+06   1.427305e+09  16m48s07  641  -4.966599e+06   1.427305e+09  16m49s64  642  -4.966599e+06   8.276851e+08  16m51s21  643  -4.966599e+06   8.276874e+08  16m52s78  644  -4.271119e+06   8.276874e+08  16m54s36  645  -4.967105e+06   8.276874e+08  16m55s93  646  -4.967105e+06   5.961792e+08  16m57s50  647  -4.967104e+06   5.961821e+08  16m59s08  648  -4.968131e+06   5.961821e+08  17m00s65  649  -4.968131e+06   3.492896e+08  17m02s22  650  -4.968131e+06   3.492879e+08  17m03s79  651  -4.968590e+06   3.492879e+08  17m05s37  652  -4.968590e+06   3.173783e+08  17m06s94  653  -4.968590e+06   3.173808e+08  17m08s51  654  -4.972106e+06   3.173808e+08  17m10s09  655  -4.972106e+06   1.881224e+08  17m11s66  656  -4.972106e+06   1.881223e+08  17m13s23  657  -4.972841e+06   1.881223e+08  17m14s80  658  -4.972841e+06   1.830685e+08  17m16s38  659  -4.972841e+06   1.830684e+08  17m17s95  660  -4.975101e+06   1.830684e+08  17m19s52  661  -4.975101e+06   1.329414e+09  17m21s10  662  -4.975101e+06   1.329411e+09  17m22s67  663  -4.978470e+06   1.329411e+09  17m24s24  664  -4.978470e+06   6.792614e+08  17m25s82  665  -4.978470e+06   6.792555e+08  17m27s38  666  -4.978702e+06   6.792555e+08  17m28s96  667  -4.978702e+06   3.908148e+08  17m30s53  668  -4.978702e+06   3.908132e+08  17m32s10  669  -4.979390e+06   3.908132e+08  17m33s67  670  -4.979390e+06   1.063117e+08  17m35s25  671  -4.979390e+06   1.063117e+08  17m36s81  672  -4.980946e+06   1.063117e+08  17m38s39  673  -4.980946e+06   1.029547e+08  17m39s96  674  -4.980946e+06   1.029550e+08  17m41s47  675   2.957436e+06   1.029550e+08  17m43s04  676  -4.981176e+06   1.029550e+08  17m44s61  677  -4.981176e+06   9.449767e+07  17m46s19  678  -4.981177e+06   9.449780e+07  17m47s76  679  -4.982450e+06   9.449780e+07  17m49s34  680  -4.982450e+06   9.199019e+07  17m50s91  681  -4.982450e+06   9.199013e+07  17m52s49  682  -4.983764e+06   9.199013e+07  17m54s06  683  -4.983764e+06   9.992332e+07  17m55s63  684  -4.983764e+06   9.992282e+07  17m57s21  685  -4.984150e+06   9.992282e+07  17m58s78  686  -4.984150e+06   9.696103e+07  18m00s35  687  -4.984150e+06   9.696100e+07  18m01s93  688  -4.986188e+06   9.696100e+07  18m03s50  689  -4.986188e+06   3.048878e+09  18m05s08  690  -4.986188e+06   3.048855e+09  18m06s65  691  -5.002551e+06   3.048855e+09  18m08s22  692  -5.002551e+06   1.016389e+10  18m09s80  693  -5.002551e+06   1.016387e+10  18m11s37  694  -5.004072e+06   1.016387e+10  18m12s94  695  -5.004072e+06   9.398818e+09  18m14s52  696  -5.004072e+06   9.398833e+09  18m16s09  697   1.064443e+08   9.398833e+09  18m17s66  698  -5.007852e+06   9.398833e+09  18m19s23  699  -5.007852e+06   6.272381e+09  18m20s81  700  -5.007852e+06   6.272372e+09  18m22s38  701  -5.011977e+06   6.272372e+09  18m23s95  702  -5.011977e+06   2.783350e+09  18m25s53  703  -5.011977e+06   2.783338e+09  18m27s10  704  -5.013688e+06   2.783338e+09  18m28s68  705  -5.013688e+06   1.290759e+09  18m30s25  706  -5.013688e+06   1.290755e+09  18m31s82  707  -5.015126e+06   1.290755e+09  18m33s40  708  -5.015126e+06   1.116977e+08  18m35s03  709  -5.015126e+06   1.116974e+08  18m36s60  710  -5.021508e+06   1.116974e+08  18m38s17  711  -5.021508e+06   1.426630e+09  18m39s75  712  -5.021508e+06   1.426630e+09  18m41s32  713  -5.022396e+06   1.426630e+09  18m42s89  714  -5.022396e+06   1.049879e+09  18m44s47  715  -5.022396e+06   1.049874e+09  18m46s04  716  -5.023199e+06   1.049874e+09  18m47s61  717  -5.023199e+06   2.040598e+08  18m49s19  718  -5.023199e+06   2.040586e+08  18m50s76  719  -4.514128e+06   2.040586e+08  18m52s34  720  -5.023404e+06   2.040586e+08  18m53s91  721  -5.023404e+06   1.497779e+08  18m55s49  722  -5.023404e+06   1.497775e+08  18m57s05  723  -5.023647e+06   1.497775e+08  18m58s63  724  -5.023647e+06   8.975178e+07  19m00s20  725  -5.023647e+06   8.975142e+07  19m01s77  726  -5.024006e+06   8.975142e+07  19m03s35  727  -5.024006e+06   8.258184e+07  19m04s92  728  -5.024006e+06   8.258151e+07  19m06s49  729  -5.024429e+06   8.258151e+07  19m08s07  730  -5.024429e+06   7.926155e+07  19m09s64  731  -5.024429e+06   7.926046e+07  19m11s21  732  -5.024557e+06   7.926046e+07  19m12s79  733  -5.024557e+06   7.848633e+07  19m14s36  734  -5.024557e+06   7.848640e+07  19m15s93  735  -4.997020e+06   7.848640e+07  19m17s51  736  -5.025215e+06   7.848640e+07  19m19s08  737  -5.025215e+06   7.653334e+07  19m20s66  738  -5.025215e+06   7.653341e+07  19m22s23  739  -5.027145e+06   7.653341e+07  19m23s81  740  -5.027145e+06   8.373920e+07  19m25s39  741  -5.027145e+06   8.373997e+07  19m26s96  742  -5.026701e+06   8.373997e+07  19m28s53  743  -5.027210e+06   8.373997e+07  19m30s11  744  -5.027210e+06   7.846132e+07  19m31s68  745  -5.027210e+06   7.846102e+07  19m33s25  746  -5.027342e+06   7.846102e+07  19m34s83  747  -5.027342e+06   7.465032e+07  19m36s40  748  -5.027342e+06   7.465027e+07  19m37s97  749  -5.027895e+06   7.465027e+07  19m39s55  750  -5.027895e+06   7.484939e+07  19m41s12  751  -5.027894e+06   7.484951e+07  19m42s69  752  -5.030571e+06   7.484951e+07  19m44s27  753  -5.030571e+06   2.522951e+08  19m45s85  754  -5.030571e+06   2.522928e+08  19m47s42  755  -5.031005e+06   2.522928e+08  19m49s00  756  -5.031005e+06   1.204408e+08  19m50s58  757  -5.031005e+06   1.204417e+08  19m52s15  758  -4.279457e+06   1.204417e+08  19m53s72  759  -5.031076e+06   1.204417e+08  19m55s30  760  -5.031076e+06   9.197981e+07  19m56s87  761  -5.031076e+06   9.197922e+07  19m58s44  762  -5.031185e+06   9.197922e+07  20m00s02  763  -5.031185e+06   7.683662e+07  20m01s59  764  -5.031185e+06   7.683683e+07  20m03s16  765  -5.032349e+06   7.683683e+07  20m04s74  766  -5.032349e+06   5.235571e+09  20m06s31  767  -5.032349e+06   5.235561e+09  20m07s88  768  -5.033490e+06   5.235561e+09  20m09s46  769  -5.033490e+06   1.124918e+10  20m11s03  770  -5.033490e+06   1.124916e+10  20m12s60  771  -5.036159e+06   1.124916e+10  20m14s17  772  -5.036159e+06   1.097026e+10  20m15s75  773  -5.036159e+06   1.097028e+10  20m17s31  774  -3.539521e+06   1.097028e+10  20m18s88  775  -5.039374e+06   1.097028e+10  20m20s46  776  -5.039374e+06   7.122017e+09  20m22s03  777  -5.039374e+06   7.122029e+09  20m23s60  778  -5.043692e+06   7.122029e+09  20m25s18  779  -5.043692e+06   2.268793e+09  20m26s75  780  -5.043692e+06   2.268790e+09  20m28s32  781  -5.045123e+06   2.268790e+09  20m29s90  782  -5.045123e+06   1.003912e+09  20m31s47  783  -5.045123e+06   1.003916e+09  20m33s04  784  -5.045593e+06   1.003916e+09  20m34s62  785  -5.045593e+06   9.566733e+08  20m36s19  786  -5.045593e+06   9.566741e+08  20m37s76  787  -5.045843e+06   9.566741e+08  20m39s33  788  -5.045843e+06   7.139340e+08  20m40s91  789  -5.045843e+06   7.139353e+08  20m42s47  790  -5.046532e+06   7.139353e+08  20m44s05  791  -5.046532e+06   1.129687e+08  20m45s62  792  -5.046532e+06   1.129681e+08  20m47s19  793  -5.046752e+06   1.129681e+08  20m48s76  794  -5.046752e+06   8.200276e+07  20m50s34  795  -5.046753e+06   8.200095e+07  20m51s91  796  -5.046828e+06   8.200095e+07  20m53s48  797  -5.046828e+06   7.514606e+07  20m55s05  798  -5.046827e+06   7.514638e+07  20m56s62  799  -5.049195e+06   7.514638e+07  20m58s20  800  -5.049195e+06   2.474079e+09  20m59s77  801  -5.049195e+06   2.474072e+09  21m01s34  802  -5.052417e+06   2.474072e+09  21m02s92  803  -5.052417e+06   2.578779e+09  21m04s49  804  -5.052417e+06   2.578769e+09  21m06s06  805  -5.054493e+06   2.578769e+09  21m07s64  806  -5.054493e+06   8.146491e+08  21m09s21  807  -5.054493e+06   8.146472e+08  21m10s78  808  -5.055395e+06   8.146472e+08  21m12s35  809  -5.055395e+06   2.758539e+08  21m13s93  810  -5.055396e+06   2.758518e+08  21m15s50  811  -4.946760e+06   2.758518e+08  21m17s07  812  -5.055400e+06   2.758518e+08  21m18s64  813  -5.055400e+06   2.776587e+08  21m20s22  814  -5.055400e+06   2.776596e+08  21m21s79  815  -5.055494e+06   2.776596e+08  21m23s36  816  -5.055494e+06   2.131884e+08  21m24s94  817  -5.055494e+06   2.131875e+08  21m26s50  818  -5.055667e+06   2.131875e+08  21m28s08  819  -5.055667e+06   1.195096e+08  21m29s65  820  -5.055667e+06   1.195092e+08  21m31s22  821  -5.055918e+06   1.195092e+08  21m32s80  822  -5.055918e+06   8.063169e+07  21m34s37  823  -5.055918e+06   8.063110e+07  21m35s94  824  -5.056132e+06   8.063110e+07  21m37s52  825  -5.056132e+06   7.691758e+07  21m39s09  826  -5.056132e+06   7.691780e+07  21m40s67  827  -5.061072e+06   7.691780e+07  21m42s24  828  -5.061072e+06   2.721479e+08  21m43s82  829  -5.061072e+06   2.721456e+08  21m45s39  830  -5.061950e+06   2.721456e+08  21m46s96  831  -5.061950e+06   2.255700e+08  21m48s54  832  -5.061950e+06   2.255747e+08  21m50s11  833  -4.991244e+06   2.255747e+08  21m51s68  834  -5.061995e+06   2.255747e+08  21m53s26  835  -5.061995e+06   2.203030e+08  21m54s83  836  -5.061995e+06   2.202958e+08  21m56s40  837  -5.062049e+06   2.202958e+08  21m57s98  838  -5.062049e+06   2.143473e+08  21m59s55  839  -5.062049e+06   2.143466e+08  22m01s12  840  -5.062374e+06   2.143466e+08  22m02s70  841  -5.062374e+06   1.796531e+08  22m04s27  842  -5.062374e+06   1.796603e+08  22m05s84  843  -5.063709e+06   1.796603e+08  22m07s41  844  -5.063709e+06   7.645028e+07  22m08s98  845  -5.063709e+06   7.645156e+07  22m10s55  846  -5.064012e+06   7.645156e+07  22m12s12  847  -5.064012e+06   7.448048e+07  22m13s70  848  -5.064012e+06   7.448093e+07  22m15s27  849  -5.064441e+06   7.448093e+07  22m16s84  850  -5.064441e+06   7.194619e+07  22m18s41  851  -5.064441e+06   7.194539e+07  22m19s98  852  -5.064565e+06   7.194539e+07  22m21s56  853  -5.064565e+06   7.157135e+07  22m23s13  854  -5.064565e+06   7.157149e+07  22m24s70  855  -5.067159e+06   7.157149e+07  22m26s28  856  -5.067159e+06   7.386199e+07  22m27s85  857  -5.067159e+06   7.386179e+07  22m29s42  858  -5.067715e+06   7.386179e+07  22m30s99  859  -5.067715e+06   7.389656e+07  22m32s56  860  -5.067715e+06   7.389657e+07  22m34s13  861  -5.065934e+06   7.389657e+07  22m35s70  862  -5.068754e+06   7.389657e+07  22m37s27  863  -5.068754e+06   1.927857e+08  22m38s85  864  -5.068754e+06   1.927809e+08  22m40s42  865  -5.068886e+06   1.927809e+08  22m41s99  866  -5.068886e+06   1.557722e+08  22m43s56  867  -5.068886e+06   1.557723e+08  22m45s13  868  -2.392424e+06   1.557723e+08  22m46s70  869  -5.064621e+06   1.557723e+08  22m48s27  870  -5.069140e+06   1.557723e+08  22m49s84  871  -5.069140e+06   1.354789e+08  22m51s42  872  -5.069141e+06   1.354761e+08  22m52s99  873  -5.069996e+06   1.354761e+08  22m54s56  874  -5.069996e+06   1.800577e+08  22m56s13  875  -5.069996e+06   1.800570e+08  22m57s70  876  -5.070386e+06   1.800570e+08  22m59s27  877  -5.070386e+06   1.464834e+08  23m00s85  878  -5.070386e+06   1.464819e+08  23m02s42  879  -5.072263e+06   1.464819e+08  23m03s99  880  -5.072263e+06   1.191315e+08  23m05s56  881  -5.072263e+06   1.191327e+08  23m07s13  882   7.027189e+07   1.191327e+08  23m08s70  883  -5.072325e+06   1.191327e+08  23m10s27  884  -5.072325e+06   9.366912e+07  23m11s85  885  -5.072325e+06   9.366942e+07  23m13s41  886  -5.072510e+06   9.366942e+07  23m15s05  887  -5.072510e+06   7.040783e+07  23m16s63  888  -5.072510e+06   7.040779e+07  23m18s20  889  -5.072952e+06   7.040779e+07  23m19s77  890  -5.072952e+06   7.046812e+07  23m21s34  891  -5.072953e+06   7.046825e+07  23m22s91  892  -5.074829e+06   7.046825e+07  23m24s48  893  -5.074829e+06   1.036104e+08  23m26s05  894  -5.074829e+06   1.036097e+08  23m27s62  895  -5.075161e+06   1.036097e+08  23m29s20  896  -5.075161e+06   7.503663e+07  23m30s77  897  -5.075162e+06   7.503674e+07  23m32s34  898  -5.076565e+06   7.503674e+07  23m33s91  899  -5.076565e+06   1.040920e+10  23m35s49  900  -5.076565e+06   1.040916e+10  23m37s05  901  -5.076607e+06   1.040916e+10  23m38s63  902  -5.076607e+06   1.063086e+10  23m40s20  903  -5.076608e+06   1.063081e+10  23m41s77  904  -5.080352e+06   1.063081e+10  23m43s35  905  -5.080352e+06   6.488556e+09  23m44s92  906  -5.080352e+06   6.488543e+09  23m46s49  907  -5.085364e+06   6.488543e+09  23m48s06  908  -5.085364e+06   8.177782e+08  23m49s64  909  -5.085364e+06   8.177789e+08  23m51s21  910  -2.732936e+06   8.177789e+08  23m52s78  911  -5.086601e+06   8.177789e+08  23m54s35  912  -5.086601e+06   7.986349e+07  23m55s93  913  -5.086601e+06   7.986330e+07  23m57s49  914  -5.087338e+06   7.986330e+07  23m59s07  915  -5.087338e+06   7.103827e+07  24m00s64  916  -5.087338e+06   7.103827e+07  24m02s21  917  -5.089325e+06   7.103827e+07  24m03s78  918  -5.089325e+06   6.104207e+08  24m05s36  919  -5.089325e+06   6.104220e+08  24m06s92  920  -5.087143e+06   6.104220e+08  24m08s49  921  -5.090290e+06   6.104220e+08  24m10s07  922  -5.090290e+06   3.257626e+08  24m11s64  923  -5.090290e+06   3.257628e+08  24m13s21  924  -4.432770e+06   3.257628e+08  24m14s78  925  -5.089119e+06   3.257628e+08  24m16s34  926  -5.090503e+06   3.257628e+08  24m17s92  927  -5.090503e+06   9.197827e+07  24m19s49  928  -5.090503e+06   9.197782e+07  24m21s06  929  -5.090810e+06   9.197782e+07  24m22s63  930  -5.090810e+06   7.389245e+07  24m24s20  931  -5.090811e+06   7.389192e+07  24m25s77  932  -5.091004e+06   7.389192e+07  24m27s35  933  -5.091004e+06   7.001009e+07  24m28s92  934  -5.091004e+06   7.001011e+07  24m30s49  935  -5.096570e+06   7.001011e+07  24m32s06  936  -5.096570e+06   1.616448e+10  24m33s64  937  -5.096570e+06   1.616449e+10  24m35s21  938  -5.097033e+06   1.616449e+10  24m36s78  939  -5.097033e+06   1.672482e+10  24m38s35  940  -5.097033e+06   1.672480e+10  24m39s92  941  -5.109151e+06   1.672480e+10  24m41s49  942  -5.109151e+06   2.980665e+09  24m43s07  943  -5.109151e+06   2.980655e+09  24m44s64  944  -5.111024e+06   2.980655e+09  24m46s21  945  -5.111024e+06   7.620014e+08  24m47s78  946  -5.111024e+06   7.620071e+08  24m49s35  947   3.264596e+06   7.620071e+08  24m50s92  948  -5.111275e+06   7.620071e+08  24m52s50  949  -5.111275e+06   5.730515e+08  24m54s07  950  -5.111275e+06   5.730407e+08  24m55s64  951  -5.111449e+06   5.730407e+08  24m57s22  952  -5.111449e+06   4.098252e+08  24m58s79  953  -5.111449e+06   4.098307e+08  25m00s36  954  -5.110992e+06   4.098307e+08  25m01s94  955  -5.111533e+06   4.098307e+08  25m03s51  956  -5.111533e+06   3.388941e+08  25m05s09  957  -5.111532e+06   3.389005e+08  25m06s66  958  -5.111728e+06   3.389005e+08  25m08s23  959  -5.111728e+06   1.847057e+08  25m09s81  960  -5.111728e+06   1.847053e+08  25m11s38  961  -5.111891e+06   1.847053e+08  25m12s95  962  -5.111891e+06   9.628034e+07  25m14s53  963  -5.111891e+06   9.628298e+07  25m16s10  964  -5.112231e+06   9.628298e+07  25m17s68  965  -5.112231e+06   1.056439e+08  25m19s25  966  -5.112231e+06   1.056442e+08  25m20s82  967  -5.112517e+06   1.056442e+08  25m22s40  968  -5.112517e+06   7.833423e+07  25m23s97  969  -5.112518e+06   7.833614e+07  25m25s54  970  -5.113025e+06   7.833614e+07  25m27s11  971  -5.113025e+06   3.630424e+08  25m28s69  972  -5.113025e+06   3.630462e+08  25m30s26  973  -5.113294e+06   3.630462e+08  25m31s83  974  -5.113294e+06   3.421075e+08  25m33s41  975  -5.113294e+06   3.421009e+08  25m35s04  976  -5.113454e+06   3.421009e+08  25m36s62  977  -5.113454e+06   2.102389e+08  25m38s19  978  -5.113454e+06   2.102389e+08  25m39s76  979  -4.598570e+06   2.102389e+08  25m41s33  980  -5.108875e+06   2.102389e+08  25m42s90  981  -5.113781e+06   2.102389e+08  25m44s48  982  -5.113781e+06   1.269042e+08  25m46s05  983  -5.113781e+06   1.269037e+08  25m47s62  984  -5.114545e+06   1.269037e+08 
 25m49s19  985  -5.114545e+06   1.592498e+08  25m50s77  986  -5.114545e+06   1.592458e+08  25m52s34  987  -5.114648e+06   1.592458e+08  25m53s91  988  -5.114648e+06   1.114214e+08  25m55s49  989  -5.114648e+06   1.114177e+08  25m57s06  990  -5.114709e+06   1.114177e+08  25m58s63  991  -5.114709e+06   9.038472e+07  26m00s20  992  -5.114708e+06   9.038372e+07  26m01s77  993  -5.114864e+06   9.038372e+07  26m03s35  994  -5.114864e+06   6.778376e+07  26m04s92  995  -5.114864e+06   6.778377e+07  26m06s49  996  -5.179449e+06   6.778377e+07  26m08s06  997  -5.179449e+06   2.424957e+11  26m09s63  998  -5.179449e+06   2.424956e+11  26m11s20  999  -5.180277e+06   2.424956e+11  26m12s78  1000  -5.180277e+06   2.451838e+11  26m14s35  1001  -5.180278e+06   2.451835e+11  26m15s92  1002  -5.230084e+06   2.451835e+11  26m17s49  1003  -5.230084e+06   1.521959e+11  26m19s07  1004  -5.230083e+06   1.521960e+11  26m20s64  1005   3.836701e+06   1.521960e+11  26m22s21  1006  -5.270714e+06   1.521960e+11  26m23s78  1007  -5.270714e+06   8.318046e+10  26m25s35  1008  -5.270714e+06   8.318049e+10  26m26s92  1009  -5.326658e+06   8.318049e+10  26m28s50  1010  -5.326658e+06   4.646769e+09  26m30s07  1011  -5.326658e+06   4.646748e+09  26m31s64  1012  -5.328340e+06   4.646748e+09  26m33s21  1013  -5.328340e+06   3.198405e+09  26m34s78  1014  -5.328340e+06   3.198392e+09  26m36s35  1015  -5.330315e+06   3.198392e+09  26m37s93  1016  -5.330315e+06   1.459824e+09  26m39s50  1017  -5.330315e+06   1.459835e+09  26m41s07  1018  -5.256772e+06   1.459835e+09  26m42s64  1019  -5.330610e+06   1.459835e+09  26m44s21  1020  -5.330610e+06   1.202218e+09  26m45s79  1021  -5.330611e+06   1.202225e+09  26m47s35  1022  -5.331905e+06   1.202225e+09  26m48s93  1023  -5.331905e+06   9.468794e+07  26m50s50  1024  -5.331905e+06   9.468822e+07  26m52s07  1025  -5.332060e+06   9.468822e+07  26m53s64  1026  -5.332060e+06   8.679071e+07  26m55s22  1027  -5.332060e+06   8.679044e+07  26m56s79  1028  -5.332361e+06   8.679044e+07  26m58s36  1029  -5.332361e+06   8.866506e+07  26m59s94  1030  -5.332360e+06   8.866508e+07  27m01s51  1031  -5.333757e+06   8.866508e+07  27m03s08  1032  -5.333757e+06   1.455995e+09  27m04s66  1033  -5.333757e+06   1.455981e+09  27m06s23  1034  -5.340796e+06   1.455981e+09  27m07s80  1035  -5.340796e+06   1.826744e+09  27m09s37  1036  -5.340796e+06   1.826744e+09  27m10s94  1037  -5.338839e+06   1.826744e+09  27m12s51  1038  -5.343169e+06   1.826744e+09  27m14s08  1039  -5.343169e+06   1.409939e+08  27m15s66  1040  -5.343170e+06   1.409931e+08  27m17s23  1041  -5.344985e+06   1.409931e+08  27m18s80  1042  -5.344985e+06   1.197052e+08  27m20s37  1043  -5.344985e+06   1.197040e+08  27m21s94  1044  -5.345142e+06   1.197040e+08  27m23s52  1045  -5.345142e+06   8.419266e+07  27m25s09  1046  -5.345142e+06   8.419282e+07  27m26s66  1047  -5.348033e+06   8.419282e+07  27m28s23  1048  -5.348033e+06   3.053227e+08  27m29s81  1049  -5.348033e+06   3.053279e+08  27m31s37  1050  -5.347230e+06   3.053279e+08  27m32s94  1051  -5.348150e+06   3.053279e+08  27m34s52  1052  -5.348150e+06   2.552987e+08  27m36s09  1053  -5.348150e+06   2.552980e+08  27m37s66  1054  -5.348420e+06   2.552980e+08  27m39s23  1055  -5.348420e+06   6.768118e+07  27m40s81  1056  -5.348420e+06   6.768186e+07  27m42s38  1057  -5.349020e+06   6.768186e+07  27m43s95  1058  -5.349020e+06   6.811246e+07  27m45s53  1059  -5.349020e+06   6.811211e+07  27m47s09  1060  -5.349304e+06   6.811211e+07  27m48s67  1061  -5.349304e+06   6.281002e+07  27m50s24  1062  -5.349304e+06   6.280972e+07  27m51s81  1063  -5.349649e+06   6.280972e+07  27m53s38  1064  -5.349649e+06   6.393166e+07  27m55s04  1065  -5.349649e+06   6.393079e+07  27m56s61  1066  -5.349794e+06   6.393079e+07  27m58s18  1067  -5.349794e+06   5.865547e+07  27m59s76  1068  -5.349794e+06   5.865547e+07  28m01s33  1069  -5.391071e+06   5.865547e+07  28m02s90  1070  -5.391071e+06   3.167246e+09  28m04s47  1071  -5.391071e+06   3.167254e+09  28m06s04  1072  -5.105682e+06   3.167254e+09  28m07s61  1073  -5.391631e+06   3.167254e+09  28m09s18  1074  -5.391631e+06   2.925101e+09  28m10s76  1075  -5.391631e+06   2.925094e+09  28m12s32  1076  -5.394313e+06   2.925094e+09  28m13s90  1077  -5.394313e+06   5.286373e+08  28m15s47  1078  -5.394313e+06   5.286317e+08  28m17s04  1079  -5.394775e+06   5.286317e+08  28m18s61  1080  -5.394775e+06   2.820343e+08  28m20s19  1081  -5.394775e+06   2.820353e+08  28m21s76  1082  -2.600205e+06   2.820353e+08  28m23s33  1083  -5.395015e+06   2.820353e+08  28m24s90  1084  -5.395015e+06   1.556296e+08  28m26s48  1085  -5.395015e+06   1.556291e+08  28m28s04  1086  -5.395326e+06   1.556291e+08  28m29s62  1087  -5.395326e+06   1.155114e+08  28m31s19  1088  -5.395326e+06   1.155112e+08  28m32s76  1089  -5.395994e+06   1.155112e+08  28m34s34  1090  -5.395994e+06   1.060569e+08  28m35s91  1091  -5.395994e+06   1.060573e+08  28m37s48  1092  -5.400099e+06   1.060573e+08  28m39s05  1093  -5.400099e+06   3.030000e+08  28m40s62  1094  -5.400099e+06   3.030065e+08  28m42s19  1095  -5.400752e+06   3.030065e+08  28m43s77  1096  -5.400752e+06   1.065210e+09  28m45s34  1097  -5.400753e+06   1.065204e+09  28m46s91  1098  -5.400757e+06   1.065204e+09  28m48s48  1099  -5.400757e+06   1.076929e+09  28m50s05  1100  -5.400757e+06   1.076924e+09  28m51s63  1101  -5.401536e+06   1.076924e+09  28m53s20  1102  -5.401536e+06   3.336248e+08  28m54s77  1103  -5.401535e+06   3.336266e+08  28m56s34  1104  -5.392878e+06   3.336266e+08  28m57s91  1105  -5.401721e+06   3.336266e+08  28m59s48  1106  -5.401721e+06   1.869139e+08  29m01s05  1107  -5.401721e+06   1.869140e+08  29m02s62  1108  -5.401980e+06   1.869140e+08  29m04s20  1109  -5.401980e+06   5.912394e+07  29m05s77  1110  -5.401980e+06   5.912381e+07  29m07s34  1111  -5.402343e+06   5.912381e+07  29m08s91  1112  -5.402343e+06   5.727610e+07  29m10s49  1113  -5.402343e+06   5.727620e+07  29m12s05  1114  -5.404143e+06   5.727620e+07  29m13s63  1115  -5.404143e+06   8.243436e+07  29m15s20  1116  -5.404143e+06   8.243385e+07  29m16s77  1117  -5.404431e+06   8.243385e+07  29m18s34  1118  -5.404431e+06   6.490340e+07  29m19s92  1119  -5.404431e+06   6.490395e+07  29m21s49  1120  -5.399531e+06   6.490395e+07  29m23s06  1121  -5.404538e+06   6.490395e+07  29m24s63  1122  -5.404538e+06   5.888408e+07  29m26s20  1123  -5.404538e+06   5.888444e+07  29m27s77  1124  -5.404828e+06   5.888444e+07  29m29s35  1125  -5.404828e+06   6.393984e+07  29m30s92  1126  -5.404827e+06   6.394135e+07  29m32s49  1127  -5.405324e+06   6.394135e+07  29m34s07  1128  -5.405324e+06   1.024079e+08  29m35s65  1129  -5.405324e+06   1.024109e+08  29m37s21  1130  -5.405689e+06   1.024109e+08  29m38s79  1131  -5.405689e+06   5.586538e+07  29m40s36  1132  -5.405689e+06   5.586544e+07  29m41s93  1133  -5.406009e+06   5.586544e+07  29m43s51  1134  -5.406009e+06   5.599102e+07  29m45s08  1135  -5.406009e+06   5.599102e+07  29m46s66  1136  -5.407034e+06   5.599102e+07  29m48s23  1137  -5.407034e+06   8.079776e+07  29m49s81  1138  -5.407034e+06   8.079567e+07  29m51s38  1139  -5.407124e+06   8.079567e+07  29m52s95  1140  -5.407124e+06   6.431898e+07  29m54s53  1141  -5.407124e+06   6.431933e+07  29m56s10  1142  -5.120182e+06   6.431933e+07  29m57s67  1143  -5.407215e+06   6.431933e+07  29m59s24  1144  -5.407215e+06   5.602908e+07  30m00s82  1145  -5.407215e+06   5.602940e+07  30m02s39  1146  -5.409497e+06   5.602940e+07  30m03s96  1147  -5.409497e+06   2.938887e+08  30m05s53  1148  -5.409497e+06   2.938912e+08  30m07s10  1149  -5.410990e+06   2.938912e+08  30m08s67  1150  -5.410990e+06   2.763285e+08  30m10s25  1151  -5.410990e+06   2.763355e+08  30m11s81  1152  -5.412004e+06   2.763355e+08  30m13s39  1153  -5.412004e+06   1.575366e+08  30m15s05  1154  -5.412004e+06   1.575360e+08  30m16s62  1155  -5.412126e+06   1.575360e+08  30m18s19  1156  -5.412126e+06   8.101748e+07  30m19s76  1157  -5.412126e+06   8.101749e+07  30m21s33  1158  -5.412965e+06   8.101749e+07  30m22s90  1159  -5.412965e+06   5.142479e+08  30m24s48  1160  -5.412964e+06   5.142571e+08  30m26s05  1161  -5.416730e+06   5.142571e+08  30m27s62  1162  -5.416730e+06   1.244230e+09  30m29s19  1163  -5.416731e+06   1.244245e+09  30m30s76  1164  -5.419000e+06   1.244245e+09  30m32s34  1165  -5.419000e+06   1.080683e+09  30m33s91  1166  -5.418999e+06   1.080666e+09  30m35s48  1167  -5.419344e+06   1.080666e+09  30m37s05  1168  -5.419344e+06   7.499709e+08  30m38s62  1169  -5.419344e+06   7.499614e+08  30m40s19  1170  -5.419727e+06   7.499614e+08  30m41s77  1171  -5.419727e+06   4.214402e+08  30m43s34  1172  -5.419728e+06   4.214482e+08  30m44s91  1173   3.734777e+07   4.214482e+08  30m46s48  1174  -5.419797e+06   4.214482e+08  30m48s05  1175  -5.419797e+06   3.633462e+08  30m49s62  1176  -5.419797e+06   3.633402e+08  30m51s20  1177  -5.419894e+06   3.633402e+08  30m52s77  1178  -5.419894e+06   2.841026e+08  30m54s34  1179  -5.419894e+06   2.840981e+08  30m55s91  1180  -5.420034e+06   2.840981e+08  30m57s49  1181  -5.420034e+06   1.775877e+08  30m59s06  1182  -5.420034e+06   1.775895e+08  31m00s63  1183  -5.419480e+06   1.775895e+08  31m02s20  1184  -5.420102e+06   1.775895e+08  31m03s77  1185  -5.420102e+06   1.337812e+08  31m05s35  1186  -5.420102e+06   1.337798e+08  31m06s91  1187  -5.420190e+06   1.337798e+08  31m08s49  1188  -5.420190e+06   8.754973e+07  31m10s06  1189  -5.420190e+06   8.755093e+07  31m11s63  1190  -5.420446e+06   8.755093e+07  31m13s21  1191  -5.420446e+06   1.258540e+08  31m14s78  1192  -5.420446e+06   1.258566e+08  31m16s35  1193  -5.421061e+06   1.258566e+08  31m17s92  1194  -5.421061e+06   9.185043e+07  31m19s50  1195  -5.421061e+06   9.185096e+07  31m21s07  1196  -5.418162e+06   9.185096e+07  31m22s64  1197  -5.421130e+06   9.185096e+07  31m24s22  1198  -5.421130e+06   6.388211e+07  31m25s79  1199  -5.421130e+06   6.388336e+07  31m27s36  1200  -5.421292e+06   6.388336e+07  31m28s94  1201  -5.421292e+06   5.500278e+07  31m30s51  1202  -5.421292e+06   5.500239e+07  31m32s08  1203  -5.421405e+06   5.500239e+07  31m33s65  1204  -5.421405e+06   5.471230e+07  31m35s23  1205  -5.421405e+06   5.471226e+07  31m36s80  1206  -5.422039e+06   5.471226e+07  31m38s37  1207  -5.422039e+06   5.481159e+07  31m39s95  1208  -5.422039e+06   5.481173e+07  31m41s52  1209  -5.425322e+06   5.481173e+07  31m43s10  1210  -5.425322e+06   1.697674e+08  31m44s67  1211  -5.425322e+06   1.697623e+08  31m46s24  1212  -5.425442e+06   1.697623e+08  31m47s82  1213  -5.425442e+06   1.276822e+08  31m49s39  1214  -5.425442e+06   1.276800e+08  31m50s96  1215  -5.425547e+06   1.276800e+08  31m52s53  1216  -5.425547e+06   7.181943e+07  31m54s11  1217  -5.425547e+06   7.181813e+07  31m55s68  1218  -5.425651e+06   7.181813e+07  31m57s26  1219  -5.425651e+06   5.676377e+07  31m58s83  1220  -5.425651e+06   5.676453e+07  32m00s40  1221   5.517295e+06   5.676453e+07  32m01s97  1222  -5.425691e+06   5.676453e+07  32m03s54  1223  -5.425691e+06   5.554909e+07  32m05s12  1224  -5.425691e+06   5.554953e+07  32m06s69  1225  -5.425990e+06   5.554953e+07  32m08s26  1226  -5.425990e+06   5.763004e+07  32m09s83  1227  -5.425990e+06   5.762920e+07  32m11s40  1228  -5.426084e+06   5.762920e+07  32m12s98  1229  -5.426084e+06   5.475988e+07  32m14s55  1230  -5.426084e+06   5.475992e+07  32m16s12  1231  -5.433232e+06   5.475992e+07  32m17s69  1232  -5.433232e+06   1.180204e+09  32m19s26  1233  -5.433232e+06   1.180196e+09  32m20s84  1234  -5.434044e+06   1.180196e+09  32m22s41  1235  -5.434044e+06   8.854881e+08  32m23s99  1236  -5.434044e+06   8.854855e+08  32m25s56  1237  -5.434847e+06   8.854855e+08  32m27s14  1238  -5.434847e+06   5.442492e+07  32m28s71  1239  -5.434847e+06   5.442497e+07  32m30s28  1240  -5.436679e+06   5.442497e+07  32m31s86  1241  -5.436679e+06   5.479483e+07  32m33s44  1242  -5.436679e+06   5.479500e+07  32m35s06  1243  -3.067641e+06   5.479500e+07  32m36s63  1244  -5.436835e+06   5.479500e+07  32m38s21  1245  -5.436835e+06   5.430457e+07  32m39s78  1246  -5.436835e+06   5.430443e+07  32m41s35  1247  -5.437090e+06   5.430443e+07  32m42s93  1248  -5.437090e+06   5.437833e+07  32m44s50  1249  -5.437090e+06   5.437816e+07  32m46s07  1250  -5.437479e+06   5.437816e+07  32m47s64  1251  -5.437479e+06   5.547666e+07  32m49s22  1252  -5.437479e+06   5.547674e+07  32m50s79  1253  -5.439101e+06   5.547674e+07  32m52s36  1254  -5.439101e+06   6.586334e+09  32m53s94  1255  -5.439101e+06   6.586294e+09  32m55s51  1256  -5.439229e+06   6.586294e+09  32m57s09  1257  -5.439229e+06   6.835358e+09  32m58s66  1258  -5.439229e+06   6.835317e+09  33m00s23  1259  -5.441502e+06   6.835317e+09  33m01s81  1260  -5.441502e+06   4.375153e+09  33m03s38  1261  -5.441502e+06   4.375115e+09  33m04s95  1262  -5.442839e+06   4.375115e+09  33m06s52  1263  -5.442839e+06   2.870663e+09  33m08s10  1264  -5.442839e+06   2.870651e+09  33m09s67  1265  -5.444747e+06   2.870651e+09  33m11s24  1266  -5.444747e+06   8.598399e+08  33m12s81  1267  -5.444746e+06   8.598514e+08  33m14s38  1268   2.531822e+06   8.598514e+08  33m15s96  1269  -5.444888e+06   8.598514e+08  33m17s53  1270  -5.444888e+06   7.221611e+08  33m19s10  1271  -5.444888e+06   7.221535e+08  33m20s67  1272  -5.445088e+06   7.221535e+08  33m22s25  1273  -5.445088e+06   5.290019e+08  33m23s82  1274  -5.445088e+06   5.289914e+08  33m25s39  1275  -5.445264e+06   5.289914e+08  33m26s96  1276  -5.445264e+06   3.663968e+08  33m28s54  1277  -5.445264e+06   3.663886e+08  33m30s11  1278  -5.445411e+06   3.663886e+08  33m31s68  1279  -5.445411e+06   2.399132e+08  33m33s25  1280  -5.445411e+06   2.399061e+08  33m34s82  1281  -5.445506e+06   2.399061e+08  33m36s40  1282  -5.445506e+06   1.669457e+08  33m37s97  1283  -5.445506e+06   1.669495e+08  33m39s54  1284  -5.140999e+06   1.669495e+08  33m41s11  1285  -5.445542e+06   1.669495e+08  33m42s69  1286  -5.445542e+06   1.425079e+08  33m44s26  1287  -5.445543e+06   1.425022e+08  33m45s83  1288  -5.445578e+06   1.425022e+08  33m47s40  1289  -5.445578e+06   1.205632e+08  33m48s98  1290  -5.445578e+06   1.205610e+08  33m50s54  1291  -5.445657e+06   1.205610e+08  33m52s12  1292  -5.445657e+06   8.075157e+07  33m53s69  1293  -5.445656e+06   8.075394e+07  33m55s26  1294  -5.445831e+06   8.075394e+07  33m56s84  1295  -5.445831e+06   4.985314e+08  33m58s41  1296  -5.445831e+06   4.985243e+08  33m59s98  1297  -5.445839e+06   4.985243e+08  34m01s54  1298  -5.445839e+06   4.985243e+08 
Runtime:  34m01s54
Optimization status: maxiter exceeded


Name : bayesian gplvm
Objective : -5445838.92836
Number of Parameters : 202232
Number of Optimization Parameters : 202232
Updates : True
Parameters:
  [1mbayesian_gplvm.        [0;0m  |              value  |  constraints  |  priors
  [1mlatent_space.mean      [0;0m  |         (6707, 15)  |               |        
  [1mlatent_space.variance  [0;0m  |         (6707, 15)  |      +ve      |        
  [1minducing_inputs        [0;0m  |           (67, 15)  |               |        
  [1mrbf.variance           [0;0m  |  0.000138524840555  |      +ve      |        
  [1mrbf.lengthscale        [0;0m  |              (15,)  |      +ve      |        
  [1mGaussian_noise.variance[0;0m  |  8.13871179638e-07  |      +ve      |        
---------------------------
  [1mlatent_space.[0;0m  |       value  |  constraints  |  priors
  [1mmean         [0;0m  |  (6707, 15)  |               |        
  [1mvariance     [0;0m  |  (6707, 15)  |      +ve      |        
---------------------------
[  2.69253838e-06   2.32165359e-07   1.88510053e-07   1.05516569e-07
   2.87999331e-07   4.98528099e-07   2.70848028e-07   2.20079242e-07
   3.13803507e-07   2.77269624e-07   1.61911494e-07   3.05499590e-07
   1.64472577e-07   2.91492803e-07   2.87911733e-07]
---------------------------
0_no
(3252, 151)
{'max_iters': 500, 'data': array([[  1.28367562e-01,   1.28288383e-01,   1.28209204e-01, ...,
          6.11208322e-06,   0.00000000e+00,   4.38324025e-01],
       [  1.33797538e-01,   1.33609603e-01,   1.33421668e-01, ...,
          0.00000000e+00,   0.00000000e+00,   3.53433089e-01],
       [  1.21248053e-01,   1.21232375e-01,   1.21216697e-01, ...,
          5.98882472e-05,   0.00000000e+00,   5.27483978e-01],
       ..., 
       [  6.85880101e-02,   6.84095174e-02,   6.84075140e-02, ...,
          4.55973288e-05,   2.83627900e-05,   8.83752871e-01],
       [  1.38046808e-01,   1.38077735e-01,   1.38108662e-01, ...,
          0.00000000e+00,   0.00000000e+00,   2.24127935e-01],
       [  5.58319514e-02,   5.52620770e-02,   5.47847265e-02, ...,
         -3.55679921e-05,  -3.58956836e-05,   9.30054550e-01]]), 'missing_data': True, 'input_dim': 15, 'num_inducing': 32, 'optimize_algo': 'scg'}
start training
start optimization
Max iters :  500
Running Scaled Conjugate Gradients Code:
  runtime   i     f              |g|        
    00s00  000   7.566843e+05           nan     01s00  004   4.685668e+05   1.984916e+10 
    02s05  008   1.568607e+05   2.793180e+10     03s05  012  -4.452427e+05   4.491192e+10     04s05  016  -5.440751e+05   2.764710e+10     05s05  020  -5.708322e+05   4.134135e+10 
    06s30  025  -6.786787e+05   4.336184e+10     07s31  029  -7.723745e+05   1.519110e+10     08s56  034  -8.892016e+05   5.986667e+10     09s56  038  -8.908278e+05   6.442465e+10     10s81  043  -9.845540e+05   4.276778e+09     11s81  047  -1.031415e+06   1.069692e+10     13s06  052  -1.124783e+06   3.803364e+09     14s31  057  -1.181310e+06   6.757396e+09     15s31  061  -1.205490e+06   2.877674e+09     16s31  065  -1.234736e+06   2.647109e+10     17s31  069  -1.246086e+06   4.129465e+09 
    18s31  073  -1.252665e+06   2.477937e+09     19s56  078  -1.293749e+06   2.779041e+10     20s56  082  -1.350933e+06   1.789322e+10     21s81  087  -1.401911e+06   3.770252e+10     23s06  092  -1.413971e+06   2.877608e+10     24s30  097  -1.341051e+06   5.171396e+09     25s55  102  -1.360691e+06   5.171396e+09     26s55  106  -1.432092e+06   3.643360e+09     27s80  111  -1.447287e+06   1.256685e+10     28s80  115  -1.452766e+06   8.929538e+09     30s05  120  -1.464317e+06   2.117700e+09     31s05  124  -1.468449e+06   3.789542e+09     32s30  129  -1.486884e+06   2.782757e+09     33s55  134  -1.491931e+06   1.664971e+10     34s80  139  -1.507963e+06   5.841058e+09     36s05  144  -1.528778e+06   2.038422e+09     37s30  149  -1.542669e+06   3.510284e+09     38s55  154  -1.547624e+06   1.224556e+09     39s79  159  -1.563125e+06   5.926408e+09     40s80  163  -1.566781e+06   4.784995e+09     42s05  168  -1.590842e+06   1.420100e+09     43s05  172  -1.596067e+06   1.624792e+09     44s30  177  -1.601700e+06   1.088928e+09     45s30  181  -1.609078e+06   2.637962e+09     46s30  185  -1.619187e+06   1.503920e+09     47s30  189  -1.621644e+06   4.911217e+08     48s30  193  -1.624526e+06   4.474119e+08     49s55  198  -1.652867e+06   1.037791e+10     50s55  202  -1.698224e+06   6.664876e+09 
    51s80  207  -1.735112e+06   1.421035e+09     52s80  211  -1.738493e+06   7.177869e+08     53s85  215   8.961696e+36   2.019306e+08     55s10  220  -1.749752e+06   1.924640e+09     56s10  224  -1.759130e+06   6.512223e+08     57s35  229  -1.765358e+06   2.317188e+08     58s35  233  -1.775656e+06   1.949954e+09     59s60  238  -1.811691e+06   6.709150e+09  01m00s60  242  -1.746068e+06   5.753286e+09  01m01s60  246  -1.840403e+06   3.590325e+09  01m02s84  251  -1.848965e+06   2.820495e+09  01m04s09  256  -1.850837e+06   5.483988e+08  01m05s09  260  -1.856985e+06   9.408986e+08  01m06s10  264  -1.859624e+06   3.627885e+08  01m07s34  269  -1.858292e+06   3.627884e+08  01m08s59  274  -1.865182e+06   1.275462e+09  01m09s84  279  -1.871013e+06   6.768423e+08  01m11s09  284  -1.878289e+06   3.510189e+08  01m12s34  289   7.637510e+05   5.867749e+08  01m13s34  293  -1.882372e+06   3.440549e+08  01m14s34  297  -1.894257e+06   7.206334e+08  01m15s34  301  -1.902368e+06   4.840716e+08  01m16s59  306  -1.907962e+06   1.848922e+08  01m17s59  310  -1.910224e+06   2.988949e+08  01m18s84  315  -1.912862e+06   6.754075e+07  01m20s08  320  -1.803121e+06   6.754075e+07  01m21s33  325  -1.914098e+06   1.950243e+09  01m22s58  330  -1.916167e+06   1.816459e+09  01m23s58  334  -1.920555e+06   2.189617e+08  01m24s83  339  -1.922620e+06   3.667247e+08  01m25s83  343  -1.927462e+06   1.156073e+08  01m26s83  347  -1.929730e+06   8.337347e+07  01m28s08  352  -1.863629e+06   1.892027e+08  01m29s32  357  -1.936463e+06   1.080485e+09  01m30s57  362  -1.939016e+06   1.038909e+09  01m31s57  366  -1.944484e+06   9.304596e+07  01m32s57  370  -1.946324e+06   7.507795e+07  01m33s57  374  -1.950535e+06   3.757669e+08  01m34s82  379  -1.959449e+06   2.526541e+08  01m36s07  384  -1.960228e+06   2.912744e+09  01m37s32  389  -1.967747e+06   3.811685e+08  01m38s57  394  -1.968076e+06   1.253272e+08  01m39s57  398  -1.113423e+06   2.099880e+08  01m40s81  403  -1.972903e+06   2.099880e+08  01m42s06  408  -1.974766e+06   4.665993e+07  01m43s31  413  -1.978692e+06   6.753015e+08  01m44s31  417  -1.981151e+06   2.393713e+08  01m45s31  421  -1.982789e+06   2.285743e+08  01m46s56  426  -1.983960e+06   1.338000e+08  01m47s56  430  -1.984332e+06   1.581607e+08  01m48s81  435  -1.985498e+06   4.321218e+07  01m49s81  439  -1.986098e+06   1.704180e+09  01m51s06  444  -1.991366e+06   3.135681e+08  01m52s30  449  -1.994842e+06   9.450818e+07  01m53s31  453  -2.015918e+06   2.846685e+09  01m54s31  457  -2.021514e+06   2.230322e+09  01m55s56  462  -2.038349e+06   1.314147e+09  01m56s56  466  -2.041855e+06   2.652313e+08  01m57s80  471  -2.042012e+06   2.652311e+08  01m58s80  475  -2.044000e+06   2.994499e+08  02m00s05  480  -2.046494e+06   8.338623e+07  02m01s06  484  -2.052371e+06   1.295111e+09  02m02s30  489  -2.069958e+06   1.460576e+09  02m03s55  494  -2.081367e+06   2.170153e+09  02m04s56  498  -2.085177e+06   4.413749e+08  02m05s80  503  -2.089569e+06   3.251848e+08  02m06s80  507  -2.091334e+06   1.109605e+08  02m07s81  511  -2.092909e+06   2.929934e+08  02m09s06  516  -2.094970e+06   2.607865e+08  02m10s30  521  -2.096330e+06   3.502029e+08  02m11s30  525  -2.096688e+06   3.975268e+08  02m12s55  530  -2.096618e+06   3.975270e+08  02m13s55  534  -2.096690e+06   4.886004e+08  02m14s55  538  -2.096959e+06   1.985111e+09  02m15s80  543  -2.102179e+06   1.489483e+09  02m17s05  548  -2.102257e+06   1.535785e+09  02m18s30  553  -2.105870e+06   9.524488e+07  02m19s55  558  -1.525847e+06   7.167485e+07  02m20s80  563  -2.109427e+06   1.062403e+08  02m22s05  568  -2.113583e+06   2.112168e+08  02m23s29  573  -2.113246e+06   7.178469e+07 
 02m24s54  578  -2.114034e+06   7.113389e+08  02m25s79  583  -2.119221e+06   4.441878e+08  02m26s79  587  -2.120275e+06   1.498538e+08  02m28s03  592  -2.041171e+06   1.498539e+08  02m29s04  596  -2.121019e+06   5.704688e+07  02m30s28  601  -2.123814e+06   7.818752e+07  02m31s28  605  -2.128407e+06   2.216495e+08  02m32s53  610  -2.128770e+06   8.442461e+07  02m33s60  614  -2.129270e+06   5.535527e+07  02m34s85  619  -2.130799e+06   5.543680e+07  02m36s10  624  -2.131289e+06   5.054813e+07  02m37s10  628  -2.131996e+06   5.956756e+07  02m38s34  633  -2.141630e+06   1.221076e+10  02m39s59  638  -2.161656e+06   1.233280e+10  02m40s84  643  -2.162019e+06   6.714550e+07  02m41s84  647  -2.162351e+06   2.659780e+08  02m43s09  652  -2.163516e+06   3.565170e+08  02m44s10  656  -2.163653e+06   4.763041e+08  02m45s34  661  -2.166097e+06   1.432477e+08  02m46s59  666  -2.170461e+06   4.657261e+07  02m47s84  671  -2.170945e+06   4.101552e+07  02m49s09  676  -2.173374e+06   1.076721e+08  02m50s34  681  -2.173758e+06   6.551770e+07  02m51s58  686  -2.178186e+06   7.904479e+08  02m52s83  691  -2.182559e+06   5.129206e+08  02m53s83  695  -2.182590e+06   1.198211e+08  02m55s08  700  -2.182796e+06   2.150286e+08  02m56s33  705  -2.183576e+06   6.912069e+07  02m57s58  710  -2.191134e+06   3.918828e+07  02m58s83  715  -2.193694e+06   2.904643e+08  02m59s83  719  -2.196886e+06   1.066741e+10  03m00s83  723  -2.196890e+06   1.076220e+10  03m02s08  728  -2.213816e+06   3.179654e+09  03m03s08  732  -2.217858e+06   1.518480e+08  03m04s33  737  -2.219052e+06   9.640152e+07  03m05s58  742  -2.219423e+06   4.858249e+07  03m06s58  746  -2.220312e+06   5.204724e+07  03m07s82  751  -2.222834e+06   2.603101e+09  03m09s07  756  -2.245218e+06   4.663858e+09  03m10s08  760  -2.254070e+06   9.455507e+08  03m11s32  765   2.995959e+10   4.389017e+08  03m12s57  770  -2.256229e+06   1.377871e+09  03m13s58  774  -2.257673e+06   6.107937e+08  03m14s82  779  -2.259802e+06   5.459454e+07  03m15s83  783  -2.261337e+06   6.687807e+08  03m17s07  788  -2.266800e+06   1.630743e+08  03m18s08  792  -2.267137e+06   6.272415e+07  03m19s33  797  -2.268203e+06   2.449954e+08  03m20s55  802   3.473059e+15   5.853995e+07  03m21s80  807  -2.269789e+06   3.199514e+08  03m23s05  812  -2.270809e+06   5.881692e+07  03m24s05  816  -2.270944e+06   4.655388e+07  03m25s30  821  -2.271590e+06   3.347624e+07  03m26s55  826  -2.274120e+06   7.467060e+07  03m27s80  831  -2.275381e+06   5.337527e+07  03m29s04  836  -2.276181e+06   5.337527e+07  03m30s29  841  -2.279903e+06   4.614044e+08  03m31s54  846  -2.264051e+06   2.699183e+08  03m32s79  851  -2.282773e+06   1.202728e+08  03m34s04  856  -2.283109e+06   8.507943e+07  03m35s28  861  -2.283914e+06   8.363333e+07  03m36s53  866  -2.284944e+06   8.568543e+07  03m37s78  871  -2.285963e+06   9.747163e+07  03m39s03  876  -2.288794e+06   1.055690e+08  03m40s04  880  -2.289833e+06   4.419116e+07  03m41s05  884  -2.289857e+06   1.559009e+09  03m42s06  888  -2.292368e+06   5.291392e+08  03m43s31  893  -2.294450e+06   4.692796e+07  03m44s32  897  -2.295559e+06   5.211205e+07  03m45s57  902  -2.297946e+06   2.249231e+08  03m46s57  906  -2.300736e+06   8.214080e+07  03m47s57  910  -2.300841e+06   3.577081e+07  03m48s82  915  -2.303268e+06   3.819279e+09  03m50s06  920  -2.323430e+06   1.447883e+09  03m51s31  925  -2.328856e+06   5.388427e+07  03m52s31  929  -2.329084e+06   8.244349e+07  03m53s56  934  -2.329969e+06   3.952424e+07  03m54s81  939  -2.330272e+06   3.350565e+07  03m55s81  943  -2.330988e+06   5.032970e+07  03m57s06  948  -2.331885e+06   8.716162e+08  03m58s31  953  -2.333130e+06   3.787355e+08  03m59s56  958  -2.334228e+06   7.949809e+07  04m00s56  962  -2.335516e+06   5.127677e+07  04m01s56  966  -2.335994e+06   4.414256e+07  04m02s81  971  -2.304670e+06   4.173735e+07  04m04s06  976  -2.338837e+06   1.188621e+09  04m05s06  980  -2.341322e+06   3.738783e+08  04m06s30  985  -2.341923e+06   5.339356e+07  04m07s55  990  -2.342522e+06   3.101847e+07  04m08s55  994  -2.343079e+06   3.392249e+07  04m09s80  999  -2.344251e+06   4.175628e+07  04m11s05  1004  -2.347158e+06   2.047545e+09  04m12s06  1008  -2.350714e+06   2.293577e+09  04m13s31  1013  -2.351876e+06   1.992419e+08  04m14s56  1018  -2.352157e+06   2.098891e+08  04m15s80  1023   2.477829e+08   6.441691e+07  04m16s80  1027  -2.352888e+06   1.475158e+08  04m18s05  1032  -2.108743e+06   2.339335e+08  04m19s30  1037  -2.354334e+06   2.390074e+08  04m20s30  1041  -2.355202e+06   4.879426e+07  04m21s30  1045  -2.355394e+06   3.016277e+07  04m22s55  1050  -2.363574e+06   4.342289e+08  04m23s55  1054  -2.363985e+06   2.199948e+08  04m24s80  1059  -2.364612e+06   1.646740e+08  04m25s80  1063  -2.365046e+06   4.604795e+07  04m27s05  1068  -2.366083e+06   3.035460e+07  04m28s05  1072  -2.366361e+06   3.080235e+07  04m29s30  1077  -2.366973e+06   3.963123e+07  04m30s55  1082  -2.367359e+06   8.133619e+08  04m31s79  1087  -2.369275e+06   3.403341e+08  04m32s80  1091  -2.370358e+06   3.042808e+07  04m33s80  1095  -2.370653e+06   3.090307e+07  04m34s80  1099  -2.371667e+06   1.501559e+08  04m36s05  1104  -2.373491e+06   3.193957e+07  04m37s05  1108  -2.376575e+06   1.166604e+08  04m38s30  1113  -2.377071e+06   3.967105e+07  04m39s54  1118  -2.379715e+06   4.111941e+08  04m40s55  1122  -2.383203e+06   4.695552e+07  04m41s79  1127  -2.383458e+06   7.154298e+07  04m43s04  1132  -2.383744e+06   5.587136e+07  04m44s29  1137  -2.385282e+06   4.431931e+07  04m45s29  1141  -2.385818e+06   4.311480e+07  04m46s54  1146  -2.387069e+06   1.330306e+09  04m47s54  1150  -2.388704e+06   5.088031e+08  04m48s54  1154  -2.255492e+06   3.830587e+07  04m49s79  1159  -2.430790e+06   1.876210e+09  04m50s79  1163  -2.432657e+06   1.721097e+09  04m52s04  1168  -2.436791e+06   1.295237e+09  04m53s29  1173  -2.444142e+06   1.372170e+08  04m54s54  1178  -2.444587e+06   7.098320e+07  04m55s79  1183  -2.444722e+06   5.884355e+07  04m57s04  1188  -2.445393e+06   2.855149e+07  04m58s29  1193  -2.446298e+06   2.757750e+07  04m59s29  1197  -2.446896e+06   2.922163e+08  05m00s29  1201  -2.447736e+06   3.247311e+08  05m01s54  1206  -2.448473e+06   1.567130e+08  05m02s79  1211  -2.448852e+06   3.978460e+07  05m04s04  1216  -2.450411e+06   1.398386e+09  05m05s04  1220  -2.450463e+06   1.429532e+09  05m06s29  1225  -2.452919e+06   2.595490e+08  05m07s53  1230  -2.453461e+06   8.808094e+07  05m08s78  1235  -2.453830e+06   9.910691e+07  05m10s03  1240  -2.458464e+06   5.387743e+07  05m10s53  1242  -2.458611e+06   5.387743e+07 
Runtime:  05m10s53
Optimization status: maxiter exceeded


Name : bayesian gplvm
Objective : -2458610.8993
Number of Parameters : 98057
Number of Optimization Parameters : 98057
Updates : True
Parameters:
  [1mbayesian_gplvm.        [0;0m  |              value  |  constraints  |  priors
  [1mlatent_space.mean      [0;0m  |         (3252, 15)  |               |        
  [1mlatent_space.variance  [0;0m  |         (3252, 15)  |      +ve      |        
  [1minducing_inputs        [0;0m  |           (32, 15)  |               |        
  [1mrbf.variance           [0;0m  |  0.000157931872813  |      +ve      |        
  [1mrbf.lengthscale        [0;0m  |              (15,)  |      +ve      |        
  [1mGaussian_noise.variance[0;0m  |  1.50664598921e-06  |      +ve      |        
---------------------------
  [1mlatent_space.[0;0m  |       value  |  constraints  |  priors
  [1mmean         [0;0m  |  (3252, 15)  |               |        
  [1mvariance     [0;0m  |  (3252, 15)  |      +ve      |        
---------------------------
[  2.27593608e-06   5.04355883e-07   4.21753916e-07   4.58574294e-07
   3.78948185e-07   2.74009116e-07   4.01601043e-07   3.25046747e-07
   3.39561109e-07   3.00440630e-07   2.93482100e-07   1.94398921e-07
   2.73955794e-07   4.36710680e-07   2.86641110e-07]
---------------------------
0_non-nasal
(2127, 151)
{'max_iters': 500, 'data': array([[  1.35175141e-01,   1.35044743e-01,   1.34914344e-01, ...,
          0.00000000e+00,   0.00000000e+00,   3.14983509e-01],
       [  1.32018817e-01,   1.31947940e-01,   1.31877063e-01, ...,
          0.00000000e+00,   0.00000000e+00,   3.74902178e-01],
       [  1.06146477e-01,   1.05756668e-01,   1.05377653e-01, ...,
         -1.14535671e-04,  -1.11694037e-04,   6.88425690e-01],
       ..., 
       [  1.02359772e-01,   1.02299790e-01,   1.02303422e-01, ...,
          8.14701895e-05,   2.67151385e-05,   7.03432555e-01],
       [  1.32856926e-01,   1.32839424e-01,   1.32821921e-01, ...,
          0.00000000e+00,   0.00000000e+00,   3.65075191e-01],
       [  1.25936747e-01,   1.25714716e-01,   1.25492684e-01, ...,
         -1.84260514e-05,   0.00000000e+00,   4.58605690e-01]]), 'missing_data': True, 'input_dim': 15, 'num_inducing': 21, 'optimize_algo': 'scg'}
start training
start optimization
Max iters :  500
Running Scaled Conjugate Gradients Code:
  runtime   i     f              |g|        
    00s00  000   5.044257e+05           nan     00s10  001   5.044257e+05           nan     01s14  010   1.650889e+05   1.656348e+10 
    02s17  019  -3.286392e+05   1.197254e+10     03s19  028  -4.823198e+05   1.979662e+09     04s20  037  -7.471075e+05   1.481237e+09     05s21  046  -7.630825e+05   2.694415e+09 
    06s22  055  -8.131468e+05   4.276877e+09     07s26  063  -7.729849e+04   1.734184e+09     08s28  072  -9.069325e+05   5.026025e+09     09s32  081  -9.202883e+05   5.987550e+09     10s35  090  -9.785395e+05   4.150997e+09     11s38  099  -9.877460e+05   6.438397e+09     12s43  108  -9.981095e+05   5.216333e+08     13s48  117  -1.020303e+06   3.063691e+09     14s52  126  -1.020609e+06   1.944181e+09     15s53  135  -1.032886e+06   4.239278e+09     16s55  144  -1.037231e+06   3.534451e+09 
    17s57  153  -1.053613e+06   1.312797e+09     18s62  162  -1.065425e+06   1.016064e+09     19s66  171  -1.098916e+06   2.885937e+09     20s71  180  -1.116746e+06   9.072157e+09     21s76  189  -1.129473e+06   8.299103e+08     22s81  198  -1.137725e+06   9.393510e+08     23s85  207  -1.159027e+06   1.081439e+09     24s89  216  -1.158503e+06   1.246878e+09     25s90  225  -1.158516e+06   1.246878e+09     26s97  234  -1.190169e+06   9.172801e+08     28s05  244  -1.197908e+06   3.580721e+08     29s14  254  -1.205063e+06   1.349702e+08     30s25  264  -1.215293e+06   2.555945e+09     31s26  273  -1.219650e+06   6.939096e+08     32s32  281  -1.220458e+06   6.939096e+08     33s38  289  -1.229513e+06   5.833708e+08     34s38  298  -1.232563e+06   2.174384e+08     35s47  308  -1.238118e+06   2.726051e+08     36s56  318  -1.247679e+06   2.388756e+09     37s58  327  -1.164823e+06   3.850627e+08     38s61  335  -1.261576e+06   1.220805e+09     39s70  345  -1.268870e+06   1.047686e+09     40s78  355  -1.228664e+06   2.277311e+08     41s87  365  -1.282609e+06   8.108329e+08     42s97  375  -1.294626e+06   7.161437e+08     44s06  385  -1.311549e+06   9.324089e+08     45s15  395  -1.317309e+06   1.070248e+08     46s25  405  -1.322956e+06   1.093661e+09     47s34  415  -1.327354e+06   1.617936e+09     48s36  424  -1.333325e+06   1.110978e+08 
    49s47  434  -1.336620e+06   4.928178e+07     50s56  444  -1.344459e+06   4.021336e+08     51s65  454  -1.346533e+06   1.284857e+09     52s74  464   1.068388e+07   5.586900e+08     53s84  474  -1.350238e+06   1.290670e+08     54s94  484  -1.368386e+06   6.718845e+07     55s96  493  -1.368295e+06   6.361739e+07     56s97  502  -1.324184e+06   1.669080e+09     57s98  511  -1.383403e+06   3.721518e+08     59s08  521  -1.387321e+06   6.805734e+07  01m00s12  530  -1.388700e+06   8.284136e+07  01m01s13  539  -1.391827e+06   3.321920e+07  01m02s22  549  -1.406937e+06   1.374487e+09  01m03s32  559  -1.423372e+06   7.247258e+08  01m04s33  568  -1.428532e+06   1.355051e+08  01m05s34  577  -1.428515e+06   3.831038e+07  01m06s39  586  -1.432322e+06   8.482678e+08  01m07s40  593  -2.186715e+05   5.411497e+07  01m08s40  601  -1.436820e+06   2.648137e+07  01m09s43  610  -1.439775e+06   3.527060e+08  01m10s45  619  -1.449558e+06   5.932238e+08  01m11s56  629  -1.456871e+06   7.456007e+08  01m12s65  639  -1.458955e+06   8.229696e+07  01m13s72  648  -1.460148e+06   2.629735e+07  01m14s73  656  -1.464004e+06   1.981623e+08  01m15s74  665  -1.465693e+06   2.733956e+08  01m16s74  673  -1.466622e+06   1.181578e+09  01m17s77  682  -1.471283e+06   2.242558e+08  01m18s78  691  -1.471705e+06   4.441527e+07  01m19s81  700  -1.473225e+06   3.083684e+08  01m20s83  709  -1.474786e+06   2.874229e+07  01m21s83  718  -1.475723e+06   8.446262e+07  01m22s93  728  -1.476741e+06   2.449421e+07  01m24s11  738  -1.482161e+06   2.509692e+09  01m25s14  745  -1.486558e+06   2.320393e+08  01m26s22  755  -1.487434e+06   2.318741e+08  01m27s31  765  -1.488134e+06   3.419562e+07  01m28s39  775  -1.488820e+06   5.464555e+07  01m29s48  785  -1.493962e+06   2.380787e+07  01m30s56  795  -1.494172e+06   2.605535e+07  01m31s64  805  -1.498574e+06   8.195968e+08  01m32s73  815  -1.498926e+06   2.532787e+07  01m33s81  825  -1.499891e+06   2.006971e+07  01m34s90  835  -1.504279e+06   7.383901e+08  01m35s99  845  -1.505770e+06   1.290774e+08  01m37s07  855  -1.506639e+06   1.582628e+08  01m38s15  865  -1.507433e+06   2.770249e+07  01m39s23  875  -1.509044e+06   5.563228e+07  01m40s25  884  -1.509608e+06   9.418522e+07  01m41s25  893  -1.510260e+06   3.216877e+07  01m42s34  902  -1.512284e+06   7.995997e+08  01m43s42  910  -1.513201e+06   5.948771e+08  01m44s44  919  -1.514922e+06   4.258542e+07  01m45s55  929  -1.516500e+06   4.139686e+07  01m46s55  938  -1.519734e+06   2.186655e+08  01m47s55  947  -1.521308e+06   3.483793e+07  01m48s56  956  -1.524839e+06   5.630937e+07  01m49s60  965  -1.494343e+06   9.255378e+08  01m50s65  977  -1.530930e+06   7.016010e+07  01m51s74  990  -1.531717e+06   3.658550e+07  01m52s74  1002  -1.503532e+06   4.816723e+07  01m53s74  1014  -1.533528e+06   4.836689e+08  01m54s74  1026  -1.538310e+06   1.922994e+08  01m55s74  1038  -1.542188e+06   1.419104e+08  01m56s75  1050  -1.543407e+06   2.046444e+07  01m57s75  1062  -1.548956e+06   2.978804e+07  01m58s75  1074  -1.549842e+06   1.720604e+07  01m59s75  1086  -1.551721e+06   3.095273e+08  02m00s76  1098   2.906908e+07   1.006869e+08  02m01s76  1110  -1.554345e+06   1.826287e+07  02m02s76  1122  -1.555496e+06   8.121137e+07  02m03s84  1135  -1.566745e+06   1.018752e+09  02m04s84  1147  -1.569310e+06   1.631917e+08  02m05s85  1159  -1.570395e+06   5.015031e+07  02m06s95  1171  -1.571724e+06   6.789292e+07  02m07s03  1172  -1.571724e+06   6.789292e+07 
Runtime:  02m07s03
Optimization status: maxiter exceeded


Name : bayesian gplvm
Objective : -1571723.58151
Number of Parameters : 64142
Number of Optimization Parameters : 64142
Updates : True
Parameters:
  [1mbayesian_gplvm.        [0;0m  |              value  |  constraints  |  priors
  [1mlatent_space.mean      [0;0m  |         (2127, 15)  |               |        
  [1mlatent_space.variance  [0;0m  |         (2127, 15)  |      +ve      |        
  [1minducing_inputs        [0;0m  |           (21, 15)  |               |        
  [1mrbf.variance           [0;0m  |  0.000162341025813  |      +ve      |        
  [1mrbf.lengthscale        [0;0m  |              (15,)  |      +ve      |        
  [1mGaussian_noise.variance[0;0m  |  1.86049353884e-06  |      +ve      |        
---------------------------
  [1mlatent_space.[0;0m  |       value  |  constraints  |  priors
  [1mmean         [0;0m  |  (2127, 15)  |               |        
  [1mvariance     [0;0m  |  (2127, 15)  |      +ve      |        
---------------------------
[  2.25728384e-06   6.31441214e-07   5.28984536e-07   4.93585753e-07
   3.09926257e-07   4.35500924e-07   3.68473362e-07   3.17333307e-07
   3.75505465e-07   3.62809118e-07   4.59284320e-07   3.72302624e-07
   4.04422529e-07   3.16752947e-07   4.14224433e-07]
---------------------------
